date,lastUpdateTime,today_confirm,today_suspect,today_heal,today_dead,today_severe,today_storeConfirm,total_confirm,total_suspect,total_heal,total_dead,total_severe,name
2020-01-20,,270,0.0,25,6,,,270,0,25,6,0,湖北
2020-01-21,,105,,0,3,,,375,0,25,9,0,湖北
2020-01-22,,69,0.0,3,8,,,444,0,28,17,0,湖北
2020-01-23,,105,,0,7,,,549,710,28,24,0,湖北
2020-01-24,,180,,3,15,,,729,1405,31,39,0,湖北
2020-01-25,,323,,1,13,,,1052,1887,32,52,0,湖北
2020-01-26,,371,,10,24,,,1423,4472,42,76,0,湖北
2020-01-27,,1291,,2,24,,,2714,5324,44,100,0,湖北
2020-01-28,,840,,3,25,,,3554,6940,47,125,0,湖北
2020-01-29,,1032,,43,37,,,4586,9033,90,162,0,湖北
2020-01-30,,1220,,46,42,,,5806,11272,136,204,0,湖北
2020-01-31,,1347,,30,45,,,7153,13577,166,249,0,湖北
2020-02-01,,1921,,49,45,,,9074,14872,215,294,0,湖北
2020-02-02,,2103,,80,56,,,11177,16898,295,350,0,湖北
2020-02-03,,2345,,101,64,,,13522,18549,396,414,0,湖北
2020-02-04,,3156,,124,65,,,16678,18447,520,479,0,湖北
2020-02-05,,2987,0.0,113,70,,,19665,0,633,549,0,湖北
2020-02-06,,2447,0.0,184,69,,,22112,21261,817,618,0,湖北
2020-02-07,,2841,0.0,298,81,,,24953,0,1115,699,0,湖北
2020-02-08,,2147,0.0,324,81,0.0,,27100,28942,1439,780,0,湖北
2020-02-09,,2531,0.0,356,91,,,29631,0,1795,871,0,湖北
2020-02-10,,2097,0.0,427,103,,,31728,0,2222,974,0,湖北
2020-02-11,,1638,0.0,417,94,,,33366,0,2639,1068,0,湖北
2020-02-12,,13797,0.0,533,134,,,47163,0,3172,1202,0,湖北
2020-02-13,,4823,0.0,690,116,,,51986,0,3862,1318,0,湖北
2020-02-14,,2415,0.0,912,139,,,54401,0,4774,1457,0,湖北
2020-02-15,,1848,0.0,849,139,,,56249,0,5623,1596,0,湖北
2020-02-16,,1933,0.0,1016,100,,,58182,0,6639,1696,0,湖北
2020-02-17,,1807,0.0,1223,93,,,59989,0,7862,1789,0,湖北
2020-02-18,,1693,,1266,132,,,61682,0,9128,1921,0,湖北
2020-02-19,,775,,1209,108,,,62457,0,10337,2029,0,湖北
2020-02-20,,631,,1453,115,,,63088,0,11790,2144,0,湖北
2020-02-21,,366,,1767,106,,,63454,0,13557,2250,0,湖北
2020-02-22,,435,,1742,96,,,63889,0,15299,2346,0,湖北
2020-02-23,,398,,1439,149,,,64287,0,16738,2495,0,湖北
2020-02-24,,499,,2116,68,,,64786,0,18854,2563,0,湖北
2020-02-25,,401,,2058,52,,,65187,0,20912,2615,0,湖北
2020-02-26,,409,,2288,26,,,65596,0,23200,2641,0,湖北
2020-02-27,,318,,3203,41,,,65914,0,26403,2682,0,湖北
2020-02-28,,423,,2492,45,,,66337,0,28895,2727,0,湖北
2020-02-29,,570,,2292,34,,,66907,0,31187,2761,0,湖北
2020-03-01,,196,,2570,42,,,67103,0,33757,2803,0,湖北
2020-03-02,,114,,2410,31,,,67217,0,36167,2834,0,湖北
2020-03-03,,115,,2389,37,,,67332,0,38556,2871,0,湖北
2020-03-04,,134,,1923,31,,,67466,0,40479,2902,0,湖北
2020-03-05,,126,,1487,29,,,67592,0,41966,2931,0,湖北
2020-03-06,,74,,1502,28,,,67666,0,43468,2959,0,湖北
2020-03-07,,41,,1543,27,,,67707,0,45011,2986,0,湖北
2020-03-08,,36,,1422,21,,,67743,0,46433,3007,0,湖北
2020-03-09,,17,,1152,17,,,67760,0,47585,3024,0,湖北
2020-03-10,,13,,1471,22,,,67773,0,49056,3046,0,湖北
2020-03-11,,8,,1242,10,,,67781,0,50298,3056,0,湖北
2020-03-12,,5,,1255,6,,,67786,0,51553,3062,0,湖北
2020-03-13,,4,,1390,13,,,67790,0,52943,3075,0,湖北
2020-03-14,,4,,1335,10,,,67794,0,54278,3085,0,湖北
2020-03-15,,4,,816,14,,,67798,0,55094,3099,0,湖北
2020-03-16,,1,,893,12,,,67799,0,55987,3111,0,湖北
2020-03-17,,1,,896,11,,,67800,0,56883,3122,0,湖北
2020-03-18,,0,,795,8,,,67800,0,57678,3130,0,湖北
2020-03-19,,0,0.0,703,2,0.0,,67800,0,58381,3132,0,湖北
2020-03-20,,0,,561,7,,,67800,0,58942,3139,0,湖北
2020-03-21,,0,,490,5,,,67800,0,59432,3144,0,湖北
2020-03-22,,0,,447,9,,,67800,0,59879,3153,0,湖北
2020-03-23,,1,,444,7,,,67801,0,60323,3160,0,湖北
2020-03-24,,0,,487,3,,,67801,0,60810,3163,0,湖北
2020-03-25,,0,,391,6,,,67801,0,61201,3169,0,湖北
2020-03-26,,0,,530,5,,,67801,0,61731,3174,0,湖北
2020-03-27,,0,,1,0,,,67801,0,61732,3174,0,湖北
2020-01-23,,53,,0,0,,,53,17,0,0,0,广东
2020-01-24,,25,,2,0,,,78,18,2,0,0,广东
2020-01-25,,20,,0,0,,,98,40,2,0,0,广东
2020-01-26,,48,,0,0,,,146,54,2,0,0,广东
2020-01-27,,42,,0,0,,,188,73,2,0,0,广东
2020-01-28,,53,,3,0,,,241,122,5,0,0,广东
2020-01-29,,70,,3,0,,,311,137,8,0,0,广东
2020-01-30,,82,,3,0,,,393,151,11,0,0,广东
2020-01-31,,127,,0,0,,,520,126,11,0,0,广东
2020-02-01,,84,,1,0,,,604,157,12,0,0,广东
2020-02-02,,79,,3,0,,,683,205,15,0,0,广东
2020-02-03,,114,,5,0,,,797,180,20,0,0,广东
2020-02-04,,73,,12,0,,,870,136,32,0,0,广东
2020-02-05,,74,0.0,17,0,,,944,0,49,0,0,广东
2020-02-06,,74,71.0,19,1,,,1018,170,68,1,0,广东
2020-02-07,,57,0.0,29,0,,,1075,170,97,1,0,广东
2020-02-08,,45,,28,0,,,1120,0,125,1,0,广东
2020-02-09,,31,,18,0,,,1151,0,143,1,0,广东
2020-02-10,,26,0.0,38,0,,,1177,0,181,1,0,广东
2020-02-11,,42,,60,0,,,1219,0,241,1,0,广东
2020-02-12,,22,0.0,43,1,,,1241,0,284,2,0,广东
2020-02-13,,20,,48,0,,,1261,0,332,2,0,广东
2020-02-14,,33,,54,0,,,1294,0,386,2,0,广东
2020-02-15,,22,,50,0,,,1316,0,436,2,0,广东
2020-02-16,,6,,37,2,,,1322,0,473,4,0,广东
2020-02-17,,6,,57,0,,,1328,0,530,4,0,广东
2020-02-18,,3,,41,1,,,1331,0,571,5,0,广东
2020-02-19,,1,,48,0,,,1332,0,619,5,0,广东
2020-02-20,,1,,45,0,,,1333,0,664,5,0,广东
2020-02-21,,6,,56,0,,,1339,0,720,5,0,广东
2020-02-22,,3,,20,1,,,1342,0,740,6,0,广东
2020-02-23,,3,,32,0,,,1345,0,772,6,0,广东
2020-02-24,,2,0.0,33,1,,,1347,0,805,7,0,广东
2020-02-25,,0,,36,0,,,1347,0,841,7,0,广东
2020-02-26,,0,,32,0,,,1347,0,873,7,0,广东
2020-02-27,,1,,46,0,,,1348,0,919,7,0,广东
2020-02-28,,1,,53,0,,,1349,0,972,7,0,广东
2020-02-29,,0,,37,0,,,1349,0,1009,7,0,广东
2020-03-01,,1,,25,0,,,1350,0,1034,7,0,广东
2020-03-02,,0,0.0,47,0,,,1350,0,1081,7,0,广东
2020-03-03,,0,,48,0,,,1350,0,1129,7,0,广东
2020-03-04,,0,,30,0,,,1350,0,1159,7,0,广东
2020-03-05,,1,,50,0,,,1351,0,1209,7,0,广东
2020-03-06,,1,,24,0,,,1352,0,1233,7,0,广东
2020-03-07,,0,,17,0,,,1352,0,1250,7,0,广东
2020-03-08,,0,,10,1,,,1352,0,1260,8,0,广东
2020-03-09,,1,,10,0,,,1353,0,1270,8,0,广东
2020-03-10,,0,,12,0,,,1353,0,1282,8,0,广东
2020-03-11,,3,,6,0,,,1356,0,1288,8,0,广东
2020-03-12,,0,,8,0,,,1356,0,1296,8,0,广东
2020-03-13,,0,,3,0,,,1356,0,1299,8,0,广东
2020-03-14,,1,,4,0,,,1357,0,1303,8,0,广东
2020-03-15,,4,,3,0,,,1361,0,1306,8,0,广东
2020-03-16,,3,,1,0,,,1364,0,1307,8,0,广东
2020-03-17,,5,,5,0,,,1369,0,1312,8,0,广东
2020-03-18,,9,0.0,6,0,0.0,,1378,0,1318,8,0,广东
2020-03-19,,14,,4,0,,,1392,0,1322,8,0,广东
2020-03-20,,7,,3,0,,,1399,0,1325,8,0,广东
2020-03-21,,8,,4,0,,,1407,0,1329,8,0,广东
2020-03-22,,6,,3,0,,,1413,0,1332,8,0,广东
2020-03-23,,15,,1,0,,,1428,0,1333,8,0,广东
2020-03-24,,5,,1,0,,,1433,0,1334,8,0,广东
2020-03-25,,11,,2,0,,,1444,0,1336,8,0,广东
2020-03-26,,12,,1,0,,,1456,0,1337,8,0,广东
2020-01-21,,1,,0,0,,,1,0,0,0,0,河南
2020-01-22,,4,,0,0,,,5,0,0,0,0,河南
2020-01-23,,0,0.0,0,0,,,5,0,0,0,0,河南
2020-01-24,,0,0.0,0,0,,,5,0,0,0,0,河南
2020-01-25,,78,,0,1,,,83,165,0,1,0,河南
2020-01-26,,45,,0,0,,,128,212,0,1,0,河南
2020-01-27,,40,,0,0,,,168,266,0,1,0,河南
2020-01-28,,38,,1,1,,,206,411,1,2,0,河南
2020-01-29,,72,,1,0,,,278,584,2,2,0,河南
2020-01-30,,74,,1,0,,,352,735,3,2,0,河南
2020-01-31,,70,,0,0,,,422,751,3,2,0,河南
2020-02-01,,71,,5,0,,,493,754,8,2,0,河南
2020-02-02,,73,,6,0,,,566,760,14,2,0,河南
2020-02-03,,109,,6,0,,,675,678,20,2,0,河南
2020-02-04,,89,,21,0,,,764,693,41,2,0,河南
2020-02-05,,87,0.0,13,1,,,851,0,54,3,0,河南
2020-02-06,,63,307.0,14,0,,,914,654,68,3,0,河南
2020-02-07,,67,0.0,29,1,,,981,654,97,4,0,河南
2020-02-08,,52,,34,2,,,1033,0,131,6,0,河南
2020-02-09,,40,0.0,43,0,,,1073,0,174,6,0,河南
2020-02-10,,32,,24,1,,,1105,0,198,7,0,河南
2020-02-11,,30,,33,1,,,1135,0,231,8,0,河南
2020-02-12,,34,,27,2,,,1169,0,258,10,0,河南
2020-02-13,,15,,53,1,,,1184,0,311,11,0,河南
2020-02-14,,28,,45,2,,,1212,0,356,13,0,河南
2020-02-15,,19,,48,0,,,1231,0,404,13,0,河南
2020-02-16,,15,0.0,34,3,,,1246,0,438,16,0,河南
2020-02-17,,11,0.0,67,3,,,1257,0,505,19,0,河南
2020-02-18,,4,,47,0,,,1261,0,552,19,0,河南
2020-02-19,,4,,62,0,,,1265,0,614,19,0,河南
2020-02-20,,2,,103,0,,,1267,0,717,19,0,河南
2020-02-21,,3,,85,0,,,1270,0,802,19,0,河南
2020-02-22,,1,,59,0,,,1271,0,861,19,0,河南
2020-02-23,,0,,69,0,,,1271,0,930,19,0,河南
2020-02-24,,0,,59,0,,,1271,0,989,19,0,河南
2020-02-25,,0,,34,0,,,1271,0,1023,19,0,河南
2020-02-26,,1,,39,1,,,1272,0,1062,20,0,河南
2020-02-27,,0,,41,0,,,1272,0,1103,20,0,河南
2020-02-28,,0,,58,1,,,1272,0,1161,21,0,河南
2020-02-29,,0,,24,1,,,1272,0,1185,22,0,河南
2020-03-01,,0,,20,0,,,1272,0,1205,22,0,河南
2020-03-02,,0,,18,0,,,1272,0,1223,22,0,河南
2020-03-03,,0,,11,0,,,1272,0,1234,22,0,河南
2020-03-04,,0,,5,0,,,1272,0,1239,22,0,河南
2020-03-05,,0,,2,0,,,1272,0,1241,22,0,河南
2020-03-06,,0,,2,0,,,1272,0,1243,22,0,河南
2020-03-07,,0,,3,0,,,1272,0,1246,22,0,河南
2020-03-08,,0,,1,0,,,1272,0,1247,22,0,河南
2020-03-09,,0,,0,0,,,1272,0,1247,22,0,河南
2020-03-10,,0,,2,0,,,1272,0,1249,22,0,河南
2020-03-11,,1,,0,0,,,1273,0,1249,22,0,河南
2020-03-12,,0,,0,0,,,1273,0,1249,22,0,河南
2020-03-13,,0,,0,0,,,1273,0,1249,22,0,河南
2020-03-14,,0,,1,0,,,1273,0,1250,22,0,河南
2020-03-15,,0,,0,0,,,1273,0,1250,22,0,河南
2020-03-16,,0,,0,0,,,1273,0,1250,22,0,河南
2020-03-17,,0,,0,0,,,1273,0,1250,22,0,河南
2020-03-18,,0,,0,0,,,1273,0,1250,22,0,河南
2020-03-19,,0,,0,0,,,1273,0,1250,22,0,河南
2020-03-20,,0,,0,0,,,1273,0,1250,22,0,河南
2020-03-21,,0,,0,0,,,1273,0,1250,22,0,河南
2020-03-22,,1,,0,0,,,1274,0,1250,22,0,河南
2020-03-23,,0,,0,0,,,1274,0,1250,22,0,河南
2020-03-24,,0,,0,0,,,1274,0,1250,22,0,河南
2020-03-25,,1,,0,0,,,1275,0,1250,22,0,河南
2020-03-26,,0,,0,0,,,1275,0,1250,22,0,河南
2020-01-24,,62,,1,0,,,62,27,1,0,0,浙江
2020-01-25,,42,,0,0,,,104,20,1,0,0,浙江
2020-01-26,,24,,0,0,,,128,63,1,0,0,浙江
2020-01-27,,45,,0,0,,,173,115,1,0,0,浙江
2020-01-28,,123,,2,0,,,296,101,3,0,0,浙江
2020-01-29,,132,,1,0,,,428,117,4,0,0,浙江
2020-01-30,,109,,6,0,,,537,154,10,0,0,浙江
2020-01-31,,62,,5,0,,,599,202,15,0,0,浙江
2020-02-01,,62,,8,0,,,661,207,23,0,0,浙江
2020-02-02,,63,,13,0,,,724,201,36,0,0,浙江
2020-02-03,,105,,12,0,,,829,258,48,0,0,浙江
2020-02-04,,66,,15,0,,,895,299,63,0,0,浙江
2020-02-05,,59,0.0,18,0,,,954,0,81,0,0,浙江
2020-02-06,,52,236.0,17,0,,,1006,422,98,0,0,浙江
2020-02-07,,42,0.0,29,0,,,1048,0,127,0,0,浙江
2020-02-08,,15,,46,0,,,1063,0,173,0,0,浙江
2020-02-09,,29,,27,0,,,1092,0,200,0,0,浙江
2020-02-10,,25,,51,0,,,1117,0,251,0,0,浙江
2020-02-11,,14,,28,0,,,1131,0,279,0,0,浙江
2020-02-12,,14,,48,0,,,1145,0,327,0,0,浙江
2020-02-13,,10,,40,0,,,1155,0,367,0,0,浙江
2020-02-14,,7,,42,0,,,1162,0,409,0,0,浙江
2020-02-15,,5,,28,0,,,1167,0,437,0,0,浙江
2020-02-16,,4,,33,0,,,1171,0,470,0,0,浙江
2020-02-17,,1,,44,0,,,1172,0,514,0,0,浙江
2020-02-18,,1,,30,0,,,1173,0,544,0,0,浙江
2020-02-19,,2,,65,0,,,1175,0,609,0,0,浙江
2020-02-20,,28,,38,1,,,1203,0,647,1,0,浙江
2020-02-21,,2,,47,0,,,1205,0,694,1,0,浙江
2020-02-22,,0,,35,0,,,1205,0,729,1,0,浙江
2020-02-23,,0,0.0,36,0,,,1205,0,765,1,0,浙江
2020-02-24,,0,,29,0,,,1205,0,794,1,0,浙江
2020-02-25,,0,,20,0,,,1205,0,814,1,0,浙江
2020-02-26,,0,,67,0,,,1205,0,881,1,0,浙江
2020-02-27,,0,,62,0,,,1205,0,943,1,0,浙江
2020-02-28,,0,,44,0,,,1205,0,987,1,0,浙江
2020-02-29,,0,,40,0,,,1205,0,1027,1,0,浙江
2020-03-01,,1,,23,0,,,1206,0,1050,1,0,浙江
2020-03-02,,7,,36,0,,,1213,0,1086,1,0,浙江
2020-03-03,,0,,21,0,,,1213,0,1107,1,0,浙江
2020-03-04,,2,,23,0,,,1215,0,1130,1,0,浙江
2020-03-05,,0,,23,0,,,1215,0,1153,1,0,浙江
2020-03-06,,0,,8,0,,,1215,0,1161,1,0,浙江
2020-03-07,,0,,8,0,,,1215,0,1169,1,0,浙江
2020-03-08,,0,,13,0,,,1215,0,1182,1,0,浙江
2020-03-09,,0,,8,0,,,1215,0,1190,1,0,浙江
2020-03-10,,0,,15,0,,,1215,0,1205,1,0,浙江
2020-03-11,,12,,4,0,,,1227,0,1209,1,0,浙江
2020-03-12,,0,,0,0,,,1227,0,1209,1,0,浙江
2020-03-13,,0,,2,0,,,1227,0,1211,1,0,浙江
2020-03-14,,4,,0,0,,,1231,0,1211,1,0,浙江
2020-03-15,,0,,2,0,,,1231,0,1213,1,0,浙江
2020-03-16,,1,0.0,3,0,0.0,,1232,0,1216,1,0,浙江
2020-03-17,,0,,0,0,,,1232,0,1216,1,0,浙江
2020-03-18,,1,0.0,1,0,0.0,,1233,0,1217,1,0,浙江
2020-03-19,,1,,2,0,,,1234,0,1219,1,0,浙江
2020-03-20,,2,,0,0,,,1236,0,1219,1,0,浙江
2020-03-21,,1,,0,0,,,1237,0,1219,1,0,浙江
2020-03-22,,1,,2,0,,,1238,0,1221,1,0,浙江
2020-03-23,,2,,0,0,,,1240,0,1221,1,0,浙江
2020-03-24,,1,,0,0,,,1241,0,1221,1,0,浙江
2020-03-25,,2,,1,0,,,1243,0,1222,1,0,浙江
2020-03-26,,4,,0,0,,,1247,0,1222,1,0,浙江
2020-01-22,,4,,0,0,,,4,10,0,0,0,湖南
2020-01-23,,5,,0,0,,,9,25,0,0,0,湖南
2020-01-24,,15,,0,0,,,24,35,0,0,0,湖南
2020-01-25,,45,,0,0,,,69,25,0,0,0,湖南
2020-01-26,,31,,0,0,,,100,42,0,0,0,湖南
2020-01-27,,43,,0,0,,,143,52,0,0,0,湖南
2020-01-28,,78,,0,0,,,221,85,0,0,0,湖南
2020-01-29,,56,,0,0,,,277,223,0,0,0,湖南
2020-01-30,,55,,2,0,,,332,303,2,0,0,湖南
2020-01-31,,57,,1,0,,,389,426,3,0,0,湖南
2020-02-01,,74,,5,0,,,463,434,8,0,0,湖南
2020-02-02,,58,,8,0,,,521,351,16,0,0,湖南
2020-02-03,,72,,6,0,,,593,289,22,0,0,湖南
2020-02-04,,68,,13,0,,,661,211,35,0,0,湖南
2020-02-05,,50,0.0,21,0,,,711,0,56,0,0,湖南
2020-02-06,,61,122.0,35,0,,,772,183,91,0,0,湖南
2020-02-07,,31,0.0,28,0,,,803,183,119,0,0,湖南
2020-02-08,,35,,40,1,,,838,0,159,1,0,湖南
2020-02-09,,41,,27,0,,,879,0,186,1,0,湖南
2020-02-10,,33,,27,0,,,912,0,213,1,0,湖南
2020-02-11,,34,,50,1,,,946,0,263,2,0,湖南
2020-02-12,,22,,49,0,,,968,0,312,2,0,湖南
2020-02-13,,20,,40,0,,,988,0,352,2,0,湖南
2020-02-14,,13,,37,0,,,1001,0,389,2,0,湖南
2020-02-15,,3,,41,1,,,1004,0,430,3,0,湖南
2020-02-16,,2,,37,0,,,1006,0,467,3,0,湖南
2020-02-17,,1,,34,1,,,1007,0,501,4,0,湖南
2020-02-18,,1,,41,0,,,1008,0,542,4,0,湖南
2020-02-19,,2,,36,0,,,1010,0,578,4,0,湖南
2020-02-20,,1,,60,0,,,1011,0,638,4,0,湖南
2020-02-21,,2,,31,0,,,1013,0,669,4,0,湖南
2020-02-22,,3,,35,0,,,1016,0,704,4,0,湖南
2020-02-23,,0,,17,0,,,1016,0,721,4,0,湖南
2020-02-24,,0,,30,0,,,1016,0,751,4,0,湖南
2020-02-25,,0,,28,0,,,1016,0,779,4,0,湖南
2020-02-26,,1,,14,0,,,1017,0,793,4,0,湖南
2020-02-27,,0,,27,0,,,1017,0,820,4,0,湖南
2020-02-28,,1,,21,0,,,1018,0,841,4,0,湖南
2020-02-29,,0,,12,0,,,1018,0,853,4,0,湖南
2020-03-01,,0,,23,0,,,1018,0,876,4,0,湖南
2020-03-02,,0,,16,0,,,1018,0,892,4,0,湖南
2020-03-03,,0,,21,0,,,1018,0,913,4,0,湖南
2020-03-04,,0,,20,0,,,1018,0,933,4,0,湖南
2020-03-05,,0,,13,0,,,1018,0,946,4,0,湖南
2020-03-06,,0,,13,0,,,1018,0,959,4,0,湖南
2020-03-07,,0,,6,0,,,1018,0,965,4,0,湖南
2020-03-08,,0,,14,0,,,1018,0,979,4,0,湖南
2020-03-09,,0,,9,0,,,1018,0,988,4,0,湖南
2020-03-10,,0,,7,0,,,1018,0,995,4,0,湖南
2020-03-11,,0,,3,0,,,1018,0,998,4,0,湖南
2020-03-12,,0,,6,0,,,1018,0,1004,4,0,湖南
2020-03-13,,0,,5,0,,,1018,0,1009,4,0,湖南
2020-03-14,,0,0.0,5,0,0.0,,1018,0,1014,4,0,湖南
2020-03-15,,0,,0,0,,,1018,0,1014,4,0,湖南
2020-03-16,,0,,0,0,,,1018,0,1014,4,0,湖南
2020-03-17,,0,,0,0,,,1018,0,1014,4,0,湖南
2020-03-18,,0,,0,0,,,1018,0,1014,4,0,湖南
2020-03-19,,0,,0,0,,,1018,0,1014,4,0,湖南
2020-03-20,,0,,0,0,,,1018,0,1014,4,0,湖南
2020-03-21,,0,,0,0,,,1018,0,1014,4,0,湖南
2020-03-22,,0,,0,0,,,1018,0,1014,4,0,湖南
2020-03-23,,0,,0,0,,,1018,0,1014,4,0,湖南
2020-03-24,,0,,0,0,,,1018,0,1014,4,0,湖南
2020-03-25,,0,,0,0,,,1018,0,1014,4,0,湖南
2020-03-26,,0,,0,0,,,1018,0,1014,4,0,湖南
2020-01-22,,1,,0,0,,,1,8,0,0,0,安徽
2020-01-23,,14,,0,0,,,15,14,0,0,0,安徽
2020-01-24,,24,,0,0,,,39,20,0,0,0,安徽
2020-01-25,,21,,0,0,,,60,15,0,0,0,安徽
2020-01-26,,10,,0,0,,,70,43,0,0,0,安徽
2020-01-27,,36,,0,0,,,106,42,0,0,0,安徽
2020-01-28,,46,,2,0,,,152,55,2,0,0,安徽
2020-01-29,,48,,0,0,,,200,67,2,0,0,安徽
2020-01-30,,37,,1,0,,,237,98,3,0,0,安徽
2020-01-31,,60,,0,0,,,297,117,3,0,0,安徽
2020-02-01,,43,,3,0,,,340,160,6,0,0,安徽
2020-02-02,,68,,1,0,,,408,153,7,0,0,安徽
2020-02-03,,72,,7,0,,,480,124,14,0,0,安徽
2020-02-04,,50,,6,0,,,530,130,20,0,0,安徽
2020-02-05,,61,0.0,3,0,,,591,0,23,0,0,安徽
2020-02-06,,74,78.0,11,0,,,665,141,34,0,0,安徽
2020-02-07,,68,0.0,13,0,,,733,141,47,0,0,安徽
2020-02-08,,46,,12,1,,,779,0,59,1,0,安徽
2020-02-09,,51,,14,2,,,830,0,73,3,0,安徽
2020-02-10,,30,,15,1,,,860,0,88,4,0,安徽
2020-02-11,,29,,20,0,,,889,0,108,4,0,安徽
2020-02-12,,21,,20,1,,,910,0,128,5,0,安徽
2020-02-13,,24,,38,1,,,934,0,166,6,0,安徽
2020-02-14,,16,,32,0,,,950,0,198,6,0,安徽
2020-02-15,,12,,34,0,,,962,0,232,6,0,安徽
2020-02-16,,11,,34,0,,,973,0,266,6,0,安徽
2020-02-17,,9,,27,0,,,982,0,293,6,0,安徽
2020-02-18,,4,,68,0,,,986,0,361,6,0,安徽
2020-02-19,,1,,63,0,,,987,0,424,6,0,安徽
2020-02-20,,1,,76,0,,,988,0,500,6,0,安徽
2020-02-21,,1,,67,0,,,989,0,567,6,0,安徽
2020-02-22,,0,,53,0,,,989,0,620,6,0,安徽
2020-02-23,,0,,28,0,,,989,0,648,6,0,安徽
2020-02-24,,0,,44,0,,,989,0,692,6,0,安徽
2020-02-25,,0,,35,0,,,989,0,727,6,0,安徽
2020-02-26,,0,,37,0,,,989,0,764,6,0,安徽
2020-02-27,,1,,50,0,,,990,0,814,6,0,安徽
2020-02-28,,0,,28,0,,,990,0,842,6,0,安徽
2020-02-29,,0,,26,0,,,990,0,868,6,0,安徽
2020-03-01,,0,,20,0,,,990,0,888,6,0,安徽
2020-03-02,,0,,29,0,,,990,0,917,6,0,安徽
2020-03-03,,0,,24,0,,,990,0,941,6,0,安徽
2020-03-04,,0,,15,0,,,990,0,956,6,0,安徽
2020-03-05,,0,,14,0,,,990,0,970,6,0,安徽
2020-03-06,,0,,9,0,,,990,0,979,6,0,安徽
2020-03-07,,0,,2,0,,,990,0,981,6,0,安徽
2020-03-08,,0,,3,0,,,990,0,984,6,0,安徽
2020-03-09,,0,,0,0,,,990,0,984,6,0,安徽
2020-03-10,,0,,0,0,,,990,0,984,6,0,安徽
2020-03-11,,0,,0,0,,,990,0,984,6,0,安徽
2020-03-12,,0,,0,0,,,990,0,984,6,0,安徽
2020-03-13,,0,,0,0,,,990,0,984,6,0,安徽
2020-03-14,,0,,0,0,,,990,0,984,6,0,安徽
2020-03-15,,0,,0,0,,,990,0,984,6,0,安徽
2020-03-16,,0,,0,0,,,990,0,984,6,0,安徽
2020-03-17,,0,,0,0,,,990,0,984,6,0,安徽
2020-03-18,,0,0.0,0,0,0.0,,990,0,984,6,0,安徽
2020-03-19,,0,,0,0,,,990,0,984,6,0,安徽
2020-03-20,,0,,0,0,,,990,0,984,6,0,安徽
2020-03-21,,0,,0,0,,,990,0,984,6,0,安徽
2020-03-22,,0,,0,0,,,990,0,984,6,0,安徽
2020-03-23,,0,,0,0,,,990,0,984,6,0,安徽
2020-03-24,,0,,0,0,,,990,0,984,6,0,安徽
2020-03-25,,0,,0,0,,,990,0,984,6,0,安徽
2020-03-26,,0,,0,0,,,990,0,984,6,0,安徽
2020-01-23,,7,,0,0,,,7,17,0,0,0,江西
2020-01-24,,11,,0,0,,,18,38,0,0,0,江西
2020-01-25,,18,,0,0,,,36,30,0,0,0,江西
2020-01-26,,12,,0,0,,,48,68,0,0,0,江西
2020-01-27,,24,,0,0,,,72,88,0,0,0,江西
2020-01-28,,37,,2,0,,,109,107,2,0,0,江西
2020-01-29,,53,,1,0,,,162,123,3,0,0,江西
2020-01-30,,78,,4,0,,,240,197,7,0,0,江西
2020-01-31,,46,,2,0,,,286,260,9,0,0,江西
2020-02-01,,47,,1,0,,,333,312,10,0,0,江西
2020-02-02,,58,,8,0,,,391,359,18,0,0,江西
2020-02-03,,85,,1,0,,,476,319,19,0,0,江西
2020-02-04,,72,,8,0,,,548,343,27,0,0,江西
2020-02-05,,52,0.0,10,0,,,600,0,37,0,0,江西
2020-02-06,,61,48.0,8,0,,,661,249,45,0,0,江西
2020-02-07,,37,0.0,10,0,,,698,249,55,0,0,江西
2020-02-08,,41,,17,0,,,739,0,72,0,0,江西
2020-02-09,,33,,30,1,,,772,0,102,1,0,江西
2020-02-10,,32,0.0,25,0,,,804,0,127,1,0,江西
2020-02-11,,40,,25,0,,,844,0,152,1,0,江西
2020-02-12,,28,,18,0,,,872,0,170,1,0,江西
2020-02-13,,28,,17,0,,,900,0,187,1,0,江西
2020-02-14,,12,0.0,23,0,,,912,0,210,1,0,江西
2020-02-15,,13,,29,0,,,925,0,239,1,0,江西
2020-02-16,,5,,36,0,,,930,0,275,1,0,江西
2020-02-17,,3,,35,0,,,933,0,310,1,0,江西
2020-02-18,,0,,52,0,,,933,0,362,1,0,江西
2020-02-19,,1,,70,0,,,934,0,432,1,0,江西
2020-02-20,,0,,57,0,,,934,0,489,1,0,江西
2020-02-21,,0,,55,0,,,934,0,544,1,0,江西
2020-02-22,,0,,67,0,,,934,0,611,1,0,江西
2020-02-23,,0,,34,0,,,934,0,645,1,0,江西
2020-02-24,,0,,37,0,,,934,0,682,1,0,江西
2020-02-25,,0,,37,0,,,934,0,719,1,0,江西
2020-02-26,,0,,35,0,,,934,0,754,1,0,江西
2020-02-27,,1,,36,0,,,935,0,790,1,0,江西
2020-02-28,,0,,21,0,,,935,0,811,1,0,江西
2020-02-29,,0,,20,0,,,935,0,831,1,0,江西
2020-03-01,,0,,19,0,,,935,0,850,1,0,江西
2020-03-02,,0,,20,0,,,935,0,870,1,0,江西
2020-03-03,,0,,14,0,,,935,0,884,1,0,江西
2020-03-04,,0,,17,0,,,935,0,901,1,0,江西
2020-03-05,,0,,7,0,,,935,0,908,1,0,江西
2020-03-06,,0,,8,0,,,935,0,916,1,0,江西
2020-03-07,,0,,2,0,,,935,0,918,1,0,江西
2020-03-08,,0,,5,0,,,935,0,923,1,0,江西
2020-03-09,,0,,4,0,,,935,0,927,1,0,江西
2020-03-10,,0,,5,0,,,935,0,932,1,0,江西
2020-03-11,,0,,2,0,,,935,0,934,1,0,江西
2020-03-12,,0,,0,0,,,935,0,934,1,0,江西
2020-03-13,,0,,0,0,,,935,0,934,1,0,江西
2020-03-14,,0,,0,0,,,935,0,934,1,0,江西
2020-03-15,,0,,0,0,,,935,0,934,1,0,江西
2020-03-16,,0,,0,0,,,935,0,934,1,0,江西
2020-03-17,,0,,0,0,,,935,0,934,1,0,江西
2020-03-18,,0,,0,0,,,935,0,934,1,0,江西
2020-03-19,,0,,0,0,,,935,0,934,1,0,江西
2020-03-20,,0,,0,0,,,935,0,934,1,0,江西
2020-03-21,,1,,0,0,,,936,0,934,1,0,江西
2020-03-22,,0,,0,0,,,936,0,934,1,0,江西
2020-03-23,,0,,0,0,,,936,0,934,1,0,江西
2020-03-24,,0,,0,0,,,936,0,934,1,0,江西
2020-03-25,,0,,0,0,,,936,0,934,1,0,江西
2020-03-26,,0,,0,0,,,936,0,934,1,0,江西
2020-01-22,,2,,0,0,,,2,5,0,0,0,山东
2020-01-23,,7,,0,0,,,9,9,0,0,0,山东
2020-01-24,,12,,0,0,,,21,11,0,0,0,山东
2020-01-25,,18,,0,0,,,39,11,0,0,0,山东
2020-01-26,,22,,0,0,,,61,35,0,0,0,山东
2020-01-27,,26,,0,0,,,87,42,0,0,0,山东
2020-01-28,,34,,1,0,,,121,55,1,0,0,山东
2020-01-29,,24,,0,0,,,145,79,1,0,0,山东
2020-01-30,,33,,1,0,,,178,90,2,0,0,山东
2020-01-31,,24,,0,0,,,202,83,2,0,0,山东
2020-02-01,,23,,3,0,,,225,81,5,0,0,山东
2020-02-02,,21,,1,0,,,246,62,6,0,0,山东
2020-02-03,,24,,1,0,,,270,70,7,0,0,山东
2020-02-04,,28,,6,0,,,298,94,13,0,0,山东
2020-02-05,,45,0.0,5,0,,,343,0,18,0,0,山东
2020-02-06,,36,48.0,13,0,,,379,96,31,0,0,山东
2020-02-07,,28,0.0,7,0,,,407,96,38,0,0,山东
2020-02-08,,28,,12,1,,,435,0,50,1,0,山东
2020-02-09,,24,,13,0,,,459,0,63,1,0,山东
2020-02-10,,27,,8,0,,,486,0,71,1,0,山东
2020-02-11,,11,,9,0,,,497,0,80,1,0,山东
2020-02-12,,9,0.0,18,1,,,506,0,98,2,0,山东
2020-02-13,,13,,13,0,,,519,0,111,2,0,山东
2020-02-14,,11,,28,0,,,530,0,139,2,0,山东
2020-02-15,,7,,25,0,,,537,0,164,2,0,山东
2020-02-16,,4,,11,0,,,541,0,175,2,0,山东
2020-02-17,,2,,18,0,,,543,0,193,2,0,山东
2020-02-18,,1,,22,1,,,544,0,215,3,0,山东
2020-02-19,,2,,23,1,,,546,0,238,4,0,山东
2020-02-20,,202,,32,0,,,748,0,270,4,0,山东
2020-02-21,,2,,23,0,,,750,0,293,4,0,山东
2020-02-22,,4,,18,0,,,754,0,311,4,0,山东
2020-02-23,,1,,16,0,,,755,0,327,4,0,山东
2020-02-24,,0,,16,2,,,755,0,343,6,0,山东
2020-02-25,,1,,14,0,,,756,0,357,6,0,山东
2020-02-26,,0,,24,0,,,756,0,381,6,0,山东
2020-02-27,,0,,9,0,,,756,0,390,6,0,山东
2020-02-28,,0,,21,0,,,756,0,411,6,0,山东
2020-02-29,,0,,20,0,,,756,0,431,6,0,山东
2020-03-01,,2,,24,0,,,758,0,455,6,0,山东
2020-03-02,,0,,42,0,,,758,0,497,6,0,山东
2020-03-03,,0,,14,0,,,758,0,511,6,0,山东
2020-03-04,,0,,65,0,,,758,0,576,6,0,山东
2020-03-05,,0,,26,0,,,758,0,602,6,0,山东
2020-03-06,,0,,23,0,,,758,0,625,6,0,山东
2020-03-07,,0,,12,0,,,758,0,637,6,0,山东
2020-03-08,,0,,10,0,,,758,0,647,6,0,山东
2020-03-09,,0,,56,0,,,758,0,703,6,0,山东
2020-03-10,,1,,18,0,,,759,0,721,6,0,山东
2020-03-11,,1,,12,0,,,760,0,733,6,0,山东
2020-03-12,,0,,6,1,,,760,0,739,7,0,山东
2020-03-13,,0,,1,0,,,760,0,740,7,0,山东
2020-03-14,,0,,1,0,,,760,0,741,7,0,山东
2020-03-15,,0,,2,0,,,760,0,743,7,0,山东
2020-03-16,,1,,3,0,,,761,0,746,7,0,山东
2020-03-17,,0,,0,0,,,761,0,746,7,0,山东
2020-03-18,,0,,1,0,,,761,0,747,7,0,山东
2020-03-19,,1,,1,0,,,762,0,748,7,0,山东
2020-03-20,,2,,1,0,,,764,0,749,7,0,山东
2020-03-21,,1,,1,0,,,765,0,750,7,0,山东
2020-03-22,,2,,1,0,,,767,0,751,7,0,山东
2020-03-23,,1,,1,0,,,768,0,752,7,0,山东
2020-03-24,,1,,0,0,,,769,0,752,7,0,山东
2020-03-25,,0,,0,0,,,769,0,752,7,0,山东
2020-03-26,,2,,0,0,,,771,0,752,7,0,山东
2020-03-27,,1,,0,0,,,772,0,752,7,0,山东
2020-01-22,,1,,0,0,,,1,0,0,0,0,江苏
2020-01-23,,4,,0,0,,,5,0,0,0,0,江苏
2020-01-24,,9,,0,0,,,14,0,0,0,0,江苏
2020-01-25,,17,,1,0,,,31,0,1,0,0,江苏
2020-01-26,,16,,0,0,,,47,0,1,0,0,江苏
2020-01-27,,23,,0,0,,,70,0,1,0,0,江苏
2020-01-28,,29,,0,0,,,99,0,1,0,0,江苏
2020-01-29,,30,,0,0,,,129,0,1,0,0,江苏
2020-01-30,,39,,1,0,,,168,0,2,0,0,江苏
2020-01-31,,34,,3,0,,,202,42,5,0,0,江苏
2020-02-01,,34,,1,0,,,236,47,6,0,0,江苏
2020-02-02,,35,,1,0,,,271,44,7,0,0,江苏
2020-02-03,,37,,1,0,,,308,47,8,0,0,江苏
2020-02-04,,33,,5,0,,,341,43,13,0,0,江苏
2020-02-05,,32,0.0,13,0,,,373,0,26,0,0,江苏
2020-02-06,,35,34.0,12,0,,,408,59,38,0,0,江苏
2020-02-07,,31,0.0,5,0,,,439,59,43,0,0,江苏
2020-02-08,,29,,8,0,,,468,0,51,0,0,江苏
2020-02-09,,24,,21,0,,,492,0,72,0,0,江苏
2020-02-10,,23,,12,0,,,515,0,84,0,0,江苏
2020-02-11,,28,,10,0,,,543,0,94,0,0,江苏
2020-02-12,,27,,37,0,,,570,0,131,0,0,江苏
2020-02-13,,23,,6,0,,,593,0,137,0,0,江苏
2020-02-14,,11,,23,0,,,604,0,160,0,0,江苏
2020-02-15,,13,,30,0,,,617,0,190,0,0,江苏
2020-02-16,,9,,36,0,,,626,0,226,0,0,江苏
2020-02-17,,3,,37,0,,,629,0,263,0,0,江苏
2020-02-18,,2,,33,0,,,631,0,296,0,0,江苏
2020-02-19,,0,,29,0,,,631,0,325,0,0,江苏
2020-02-20,,0,,27,0,,,631,0,352,0,0,江苏
2020-02-21,,0,,35,0,,,631,0,387,0,0,江苏
2020-02-22,,0,,24,0,,,631,0,411,0,0,江苏
2020-02-23,,0,,16,0,,,631,0,427,0,0,江苏
2020-02-24,,0,,31,0,,,631,0,458,0,0,江苏
2020-02-25,,0,,5,0,,,631,0,463,0,0,江苏
2020-02-26,,0,,31,0,,,631,0,494,0,0,江苏
2020-02-27,,0,,12,0,,,631,0,506,0,0,江苏
2020-02-28,,0,,13,0,,,631,0,519,0,0,江苏
2020-02-29,,0,,10,0,,,631,0,529,0,0,江苏
2020-03-01,,0,,7,0,,,631,0,536,0,0,江苏
2020-03-02,,0,,19,0,,,631,0,555,0,0,江苏
2020-03-03,,0,,10,0,,,631,0,565,0,0,江苏
2020-03-04,,0,,15,0,,,631,0,580,0,0,江苏
2020-03-05,,0,,8,0,,,631,0,588,0,0,江苏
2020-03-06,,0,,13,0,,,631,0,601,0,0,江苏
2020-03-07,,0,,9,0,,,631,0,610,0,0,江苏
2020-03-08,,0,,8,0,,,631,0,618,0,0,江苏
2020-03-09,,0,,4,0,,,631,0,622,0,0,江苏
2020-03-10,,0,,5,0,,,631,0,627,0,0,江苏
2020-03-11,,0,,1,0,,,631,0,628,0,0,江苏
2020-03-12,,0,,2,0,,,631,0,630,0,0,江苏
2020-03-13,,0,,0,0,,,631,0,630,0,0,江苏
2020-03-14,,0,,1,0,,,631,0,631,0,0,江苏
2020-03-15,,0,,0,0,,,631,0,631,0,0,江苏
2020-03-16,,0,,0,0,,,631,0,631,0,0,江苏
2020-03-17,,0,,0,0,,,631,0,631,0,0,江苏
2020-03-18,,0,,0,0,,,631,0,631,0,0,江苏
2020-03-19,,0,,0,0,,,631,0,631,0,0,江苏
2020-03-20,,0,,0,0,,,631,0,631,0,0,江苏
2020-03-21,,2,,0,0,,,633,0,631,0,0,江苏
2020-03-22,,0,,0,0,,,633,0,631,0,0,江苏
2020-03-23,,3,,0,0,,,636,0,631,0,0,江苏
2020-03-24,,2,,0,0,,,638,0,631,0,0,江苏
2020-03-25,,2,,0,0,,,640,0,631,0,0,江苏
2020-03-26,,1,,0,0,,,641,0,631,0,0,江苏
2020-01-21,,5,,0,0,,,5,0,0,0,0,重庆
2020-01-22,,4,,0,0,,,9,13,0,0,0,重庆
2020-01-23,,18,,0,0,,,27,71,0,0,0,重庆
2020-01-24,,30,,0,0,,,57,86,0,0,0,重庆
2020-01-25,,18,,0,0,,,75,146,0,0,0,重庆
2020-01-26,,35,,0,0,,,110,188,0,0,0,重庆
2020-01-27,,22,,0,0,,,132,219,0,0,0,重庆
2020-01-28,,15,,0,0,,,147,246,0,0,0,重庆
2020-01-29,,18,,0,0,,,165,279,0,0,0,重庆
2020-01-30,,41,,1,0,,,206,378,1,0,0,重庆
2020-01-31,,32,,2,1,,,238,408,3,1,0,重庆
2020-02-01,,24,,0,0,,,262,425,3,1,0,重庆
2020-02-02,,38,,4,1,,,300,398,7,2,0,重庆
2020-02-03,,37,,2,0,,,337,387,9,2,0,重庆
2020-02-04,,29,,5,0,,,366,397,14,2,0,重庆
2020-02-05,,23,0.0,1,0,,,389,0,15,2,0,重庆
2020-02-06,,22,177.0,9,0,,,411,408,24,2,0,重庆
2020-02-07,,15,0.0,7,0,,,426,408,31,2,0,重庆
2020-02-08,,20,,8,0,,,446,0,39,2,0,重庆
2020-02-09,,22,,12,0,,,468,0,51,2,0,重庆
2020-02-10,,18,0.0,15,0,,,486,0,66,2,0,重庆
2020-02-11,,19,0.0,13,1,,,505,0,79,3,0,重庆
2020-02-12,,13,,23,0,,,518,0,102,3,0,重庆
2020-02-13,,11,0.0,26,1,,,529,0,128,4,0,重庆
2020-02-14,,8,,24,1,,,537,0,152,5,0,重庆
2020-02-15,,7,0.0,32,0,,,544,0,184,5,0,重庆
2020-02-16,,7,,23,0,,,551,0,207,5,0,重庆
2020-02-17,,2,,18,0,,,553,0,225,5,0,重庆
2020-02-18,,2,,29,0,,,555,0,254,5,0,重庆
2020-02-19,,5,,20,0,,,560,0,274,5,0,重庆
2020-02-20,,7,,25,1,,,567,0,299,6,0,重庆
2020-02-21,,5,,17,0,,,572,0,316,6,0,重庆
2020-02-22,,1,,12,0,,,573,0,328,6,0,重庆
2020-02-23,,2,,7,0,,,575,0,335,6,0,重庆
2020-02-24,,1,,14,0,,,576,0,349,6,0,重庆
2020-02-25,,0,0.0,23,0,,,576,0,372,6,0,重庆
2020-02-26,,0,,12,0,,,576,0,384,6,0,重庆
2020-02-27,,0,,17,0,,,576,0,401,6,0,重庆
2020-02-28,,0,0.0,21,0,,,576,0,422,6,0,重庆
2020-02-29,,0,,16,0,,,576,0,438,6,0,重庆
2020-03-01,,0,0.0,12,0,,,576,0,450,6,0,重庆
2020-03-02,,0,,19,0,,,576,0,469,6,0,重庆
2020-03-03,,0,,21,0,,,576,0,490,6,0,重庆
2020-03-04,,0,,12,0,,,576,0,502,6,0,重庆
2020-03-05,,0,,10,0,,,576,0,512,6,0,重庆
2020-03-06,,0,,8,0,,,576,0,520,6,0,重庆
2020-03-07,,0,,6,0,,,576,0,526,6,0,重庆
2020-03-08,,0,,1,0,,,576,0,527,6,0,重庆
2020-03-09,,0,,15,0,,,576,0,542,6,0,重庆
2020-03-10,,0,,5,0,,,576,0,547,6,0,重庆
2020-03-11,,0,,7,0,,,576,0,554,6,0,重庆
2020-03-12,,0,,10,0,,,576,0,564,6,0,重庆
2020-03-13,,0,,2,0,,,576,0,566,6,0,重庆
2020-03-14,,0,,3,0,,,576,0,569,6,0,重庆
2020-03-15,,0,,1,0,,,576,0,570,6,0,重庆
2020-03-16,,0,0.0,0,0,0.0,,576,0,570,6,0,重庆
2020-03-17,,0,,0,0,,,576,0,570,6,0,重庆
2020-03-18,,0,,0,0,,,576,0,570,6,0,重庆
2020-03-19,,0,,0,0,,,576,0,570,6,0,重庆
2020-03-20,,0,,0,0,,,576,0,570,6,0,重庆
2020-03-21,,0,,0,0,,,576,0,570,6,0,重庆
2020-03-22,,1,,0,0,,,577,0,570,6,0,重庆
2020-03-23,,1,,0,0,,,578,0,570,6,0,重庆
2020-03-24,,0,,0,0,,,578,0,570,6,0,重庆
2020-03-25,,0,,0,0,,,578,0,570,6,0,重庆
2020-03-26,,0,,0,0,,,578,0,570,6,0,重庆
2020-01-21,,10,,0,0,,,10,0,0,0,0,北京
2020-01-22,,4,,0,0,,,14,0,0,0,0,北京
2020-01-23,,12,,0,0,,,26,0,0,0,0,北京
2020-01-24,,10,,0,0,,,36,0,0,0,0,北京
2020-01-25,,15,,0,0,,,51,0,0,0,0,北京
2020-01-26,,16,,1,0,,,67,0,1,0,0,北京
2020-01-27,,13,,0,1,,,80,0,1,1,0,北京
2020-01-28,,16,,3,0,,,96,0,4,1,0,北京
2020-01-29,,16,,0,0,,,112,0,4,1,0,北京
2020-01-30,,20,,1,0,,,132,0,5,1,0,北京
2020-01-31,,24,,4,0,,,156,0,9,1,0,北京
2020-02-01,,27,,0,0,,,183,0,9,1,0,北京
2020-02-02,,29,,3,0,,,212,0,12,1,0,北京
2020-02-03,,16,,11,0,,,228,141,23,1,0,北京
2020-02-04,,25,,1,0,,,253,160,24,1,0,北京
2020-02-05,,21,0.0,7,0,,,274,0,31,1,0,北京
2020-02-06,,23,51.0,2,0,,,297,157,33,1,0,北京
2020-02-07,,18,0.0,0,1,,,315,0,33,2,0,北京
2020-02-08,,11,0.0,4,0,,,326,0,37,2,0,北京
2020-02-09,,11,,7,0,,,337,0,44,2,0,北京
2020-02-10,,5,,4,1,,,342,0,48,3,0,北京
2020-02-11,,10,,8,0,,,352,0,56,3,0,北京
2020-02-12,,14,0.0,12,0,,,366,0,68,3,0,北京
2020-02-13,,6,,11,0,,,372,0,79,3,0,北京
2020-02-14,,3,,18,1,,,375,0,97,4,0,北京
2020-02-15,,5,,8,0,,,380,0,105,4,0,北京
2020-02-16,,1,,9,0,,,381,0,114,4,0,北京
2020-02-17,,6,,8,0,,,387,0,122,4,0,北京
2020-02-18,,6,,23,0,,,393,0,145,4,0,北京
2020-02-19,,2,,8,0,,,395,0,153,4,0,北京
2020-02-20,,1,,16,0,,,396,0,169,4,0,北京
2020-02-21,,3,,9,0,,,399,0,178,4,0,北京
2020-02-22,,0,,11,0,,,399,0,189,4,0,北京
2020-02-23,,0,,9,0,,,399,0,198,4,0,北京
2020-02-24,,1,,17,0,,,400,0,215,4,0,北京
2020-02-25,,0,,20,0,,,400,0,235,4,0,北京
2020-02-26,,10,,13,1,,,410,0,248,5,0,北京
2020-02-27,,0,,9,2,,,410,0,257,7,0,北京
2020-02-28,,1,,14,1,,,411,0,271,8,0,北京
2020-02-29,,2,,5,0,,,413,0,276,8,0,北京
2020-03-01,,1,0.0,6,0,,,414,0,282,8,0,北京
2020-03-02,,0,,6,0,,,414,0,288,8,0,北京
2020-03-03,,3,,6,0,,,417,0,294,8,0,北京
2020-03-04,,1,,3,0,,,418,0,297,8,0,北京
2020-03-05,,4,,1,0,,,422,0,298,8,0,北京
2020-03-06,,4,,5,0,,,426,0,303,8,0,北京
2020-03-07,,2,,5,0,,,428,0,308,8,0,北京
2020-03-08,,0,,7,0,,,428,0,315,8,0,北京
2020-03-09,,1,,5,0,,,429,0,320,8,0,北京
2020-03-10,,6,,6,0,,,435,0,326,8,0,北京
2020-03-11,,0,,8,0,,,435,0,334,8,0,北京
2020-03-12,,1,,8,0,,,436,0,342,8,0,北京
2020-03-13,,1,,7,0,,,437,0,349,8,0,北京
2020-03-14,,5,,4,0,,,442,0,353,8,0,北京
2020-03-15,,4,,5,0,,,446,0,358,8,0,北京
2020-03-16,,9,,10,0,,,455,0,368,8,0,北京
2020-03-17,,3,,5,0,,,458,0,373,8,0,北京
2020-03-18,,21,,6,0,,,479,0,379,8,0,北京
2020-03-19,,6,,5,0,,,485,0,384,8,0,北京
2020-03-20,,14,,8,0,,,499,0,392,8,0,北京
2020-03-21,,13,,6,0,,,512,0,398,8,0,北京
2020-03-22,,10,,2,0,,,522,0,400,8,0,北京
2020-03-23,,32,,1,0,,,554,0,401,8,0,北京
2020-03-24,,5,,0,0,,,559,0,401,8,0,北京
2020-03-25,,6,,2,0,,,565,0,403,8,0,北京
2020-03-26,,4,,3,0,,,569,0,406,8,0,北京
2020-03-27,,0,,2,0,,,569,0,408,8,0,北京
2020-01-21,,2,,0,0,,,2,5,0,0,0,四川
2020-01-22,,3,,0,0,,,5,7,0,0,0,四川
2020-01-23,,10,,0,0,,,15,10,0,0,0,四川
2020-01-24,,13,,0,0,,,28,25,0,0,0,四川
2020-01-25,,16,,0,0,,,44,34,0,0,0,四川
2020-01-26,,25,,0,0,,,69,92,0,0,0,四川
2020-01-27,,21,,0,0,,,90,138,0,0,0,四川
2020-01-28,,18,,0,0,,,108,182,0,0,0,四川
2020-01-29,,34,,1,1,,,142,243,1,1,0,四川
2020-01-30,,35,,0,0,,,177,241,1,1,0,四川
2020-01-31,,30,,2,0,,,207,256,3,1,0,四川
2020-02-01,,24,,0,0,,,231,247,3,1,0,四川
2020-02-02,,23,,9,0,,,254,268,12,1,0,四川
2020-02-03,,28,,2,0,,,282,258,14,1,0,四川
2020-02-04,,19,,10,0,,,301,281,24,1,0,四川
2020-02-05,,20,0.0,3,0,,,321,0,27,1,0,四川
2020-02-06,,23,157.0,10,0,,,344,0,37,1,0,四川
2020-02-07,,19,0.0,13,0,,,363,409,50,1,0,四川
2020-02-08,,23,,10,0,,,386,0,60,1,0,四川
2020-02-09,,19,,16,0,,,405,0,76,1,0,四川
2020-02-10,,12,,6,0,,,417,0,82,1,0,四川
2020-02-11,,19,,3,0,,,436,0,85,1,0,四川
2020-02-12,,15,,8,0,,,451,0,93,1,0,四川
2020-02-13,,12,,12,0,,,463,0,105,1,0,四川
2020-02-14,,7,,10,0,,,470,0,115,1,0,四川
2020-02-15,,11,,12,2,,,481,0,127,3,0,四川
2020-02-16,,14,,9,0,,,495,0,136,3,0,四川
2020-02-17,,13,,27,0,,,508,0,163,3,0,四川
2020-02-18,,6,,14,0,,,514,0,177,3,0,四川
2020-02-19,,6,,21,0,,,520,0,198,3,0,四川
2020-02-20,,5,,24,0,,,525,0,222,3,0,四川
2020-02-21,,1,,20,0,,,526,0,242,3,0,四川
2020-02-22,,0,,14,0,,,526,0,256,3,0,四川
2020-02-23,,1,,7,0,,,527,0,263,3,0,四川
2020-02-24,,2,,15,0,,,529,0,278,3,0,四川
2020-02-25,,2,,14,0,,,531,0,292,3,0,四川
2020-02-26,,3,,18,0,,,534,0,310,3,0,四川
2020-02-27,,4,,16,0,,,538,0,326,3,0,四川
2020-02-28,,0,,24,0,,,538,0,350,3,0,四川
2020-02-29,,0,,13,0,,,538,0,363,3,0,四川
2020-03-01,,0,,15,0,,,538,0,378,3,0,四川
2020-03-02,,0,,11,0,,,538,0,389,3,0,四川
2020-03-03,,0,,11,0,,,538,0,400,3,0,四川
2020-03-04,,1,,18,0,,,539,0,418,3,0,四川
2020-03-05,,0,,10,0,,,539,0,428,3,0,四川
2020-03-06,,0,,20,0,,,539,0,448,3,0,四川
2020-03-07,,0,,9,0,,,539,0,457,3,0,四川
2020-03-08,,0,,8,0,,,539,0,465,3,0,四川
2020-03-09,,0,,5,0,,,539,0,470,3,0,四川
2020-03-10,,0,,14,0,,,539,0,484,3,0,四川
2020-03-11,,0,,10,0,,,539,0,494,3,0,四川
2020-03-12,,0,,6,0,,,539,0,500,3,0,四川
2020-03-13,,0,,10,0,,,539,0,510,3,0,四川
2020-03-14,,0,,5,0,,,539,0,515,3,0,四川
2020-03-15,,0,,1,0,,,539,0,516,3,0,四川
2020-03-16,,0,,4,0,,,539,0,520,3,0,四川
2020-03-17,,1,,5,0,,,540,0,525,3,0,四川
2020-03-18,,0,,6,0,,,540,0,531,3,0,四川
2020-03-19,,1,,5,0,,,541,0,536,3,0,四川
2020-03-20,,1,,0,0,,,542,0,536,3,0,四川
2020-03-21,,1,,0,0,,,543,0,536,3,0,四川
2020-03-22,,0,,0,0,,,543,0,536,3,0,四川
2020-03-23,,2,,0,0,,,545,0,536,3,0,四川
2020-03-24,,2,,0,0,,,547,0,536,3,0,四川
2020-03-25,,0,,0,0,,,547,0,536,3,0,四川
2020-03-26,,1,,0,0,,,548,0,536,3,0,四川
2020-01-21,,1,,0,0,,,1,0,0,0,0,香港
2020-01-22,,0,,0,0,,,1,0,0,0,0,香港
2020-01-23,,1,,0,0,,,2,0,0,0,0,香港
2020-01-24,,3,,0,0,,,5,0,0,0,0,香港
2020-01-25,,0,,0,0,,,5,0,0,0,0,香港
2020-01-26,,3,,0,0,,,8,0,0,0,0,香港
2020-01-27,,0,,0,0,,,8,0,0,0,0,香港
2020-01-28,,0,,0,0,,,8,0,0,0,0,香港
2020-01-29,,2,,0,0,,,10,0,0,0,0,香港
2020-01-30,,2,,0,0,,,12,0,0,0,0,香港
2020-01-31,,1,,0,0,,,13,0,0,0,0,香港
2020-02-01,,1,,0,0,,,14,0,0,0,0,香港
2020-02-02,,1,,0,0,,,15,0,0,0,0,香港
2020-02-03,,0,,0,0,,,15,0,0,0,0,香港
2020-02-04,,3,,0,1,,,18,0,0,1,0,香港
2020-02-05,,3,0.0,0,0,,,21,0,0,1,0,香港
2020-02-06,,3,0.0,0,0,,,24,0,0,1,0,香港
2020-02-07,,2,0.0,0,0,,,26,0,0,1,0,香港
2020-02-08,,0,0.0,0,0,,,26,0,0,1,0,香港
2020-02-09,,10,0.0,0,0,,,36,0,0,1,0,香港
2020-02-10,,6,0.0,0,0,,,42,0,0,1,0,香港
2020-02-11,,7,0.0,0,0,,,49,0,0,1,0,香港
2020-02-12,,1,0.0,1,0,,,50,0,1,1,0,香港
2020-02-13,,3,0.0,0,0,,,53,0,1,1,0,香港
2020-02-14,,3,0.0,0,0,,,56,0,1,1,0,香港
2020-02-15,,0,0.0,0,0,,,56,0,1,1,0,香港
2020-02-16,,1,0.0,1,0,,,57,0,2,1,0,香港
2020-02-17,,3,0.0,0,0,,,60,0,2,1,0,香港
2020-02-18,,2,0.0,2,0,,,62,0,4,1,0,香港
2020-02-19,,3,0.0,1,1,,,65,0,5,2,0,香港
2020-02-20,,3,0.0,0,0,,,68,0,5,2,0,香港
2020-02-21,,0,0.0,1,0,,,68,0,6,2,0,香港
2020-02-22,,1,0.0,5,0,,,69,0,11,2,0,香港
2020-02-23,,5,0.0,1,0,,,74,0,12,2,0,香港
2020-02-24,,7,0.0,6,0,,,81,0,18,2,0,香港
2020-02-25,,4,0.0,0,0,,,85,0,18,2,0,香港
2020-02-26,,6,0.0,6,0,,,91,0,24,2,0,香港
2020-02-27,,2,0.0,2,0,,,93,0,26,2,0,香港
2020-02-28,,1,0.0,4,0,,,94,0,30,2,0,香港
2020-02-29,,1,0.0,3,0,,,95,0,33,2,0,香港
2020-03-01,,3,0.0,3,0,,,98,0,36,2,0,香港
2020-03-02,,2,0.0,0,0,0.0,,100,0,36,2,0,香港
2020-03-03,,0,0.0,1,0,0.0,,100,0,37,2,0,香港
2020-03-04,,4,0.0,6,0,0.0,,104,0,43,2,0,香港
2020-03-05,,0,0.0,3,0,0.0,,104,0,46,2,0,香港
2020-03-06,,3,0.0,5,0,0.0,,107,0,51,2,0,香港
2020-03-07,,2,0.0,4,0,0.0,,109,0,55,2,0,香港
2020-03-08,,5,0.0,4,1,0.0,,114,0,59,3,0,香港
2020-03-09,,1,0.0,1,0,0.0,,115,0,60,3,0,香港
2020-03-10,,5,0.0,5,0,0.0,,120,0,65,3,0,香港
2020-03-11,,9,0.0,2,0,0.0,,129,0,67,3,0,香港
2020-03-12,,2,0.0,8,0,0.0,,131,0,75,3,0,香港
2020-03-13,,6,0.0,3,1,0.0,,137,0,78,4,0,香港
2020-03-14,,4,0.0,3,0,0.0,,141,0,81,4,0,香港
2020-03-15,,7,0.0,3,0,0.0,,148,0,84,4,0,香港
2020-03-16,,9,0.0,4,0,0.0,,157,0,88,4,0,香港
2020-03-17,,10,0.0,4,0,0.0,,167,0,92,4,0,香港
2020-03-18,,25,0.0,3,0,0.0,,192,0,95,4,0,香港
2020-03-19,,16,0.0,3,0,0.0,,208,0,98,4,0,香港
2020-03-20,,48,0.0,0,0,0.0,,256,0,98,4,0,香港
2020-03-21,,17,0.0,2,0,0.0,,273,0,100,4,0,香港
2020-03-22,,44,0.0,0,0,0.0,,317,0,100,4,0,香港
2020-03-23,,39,0.0,1,0,0.0,,356,0,101,4,0,香港
2020-03-24,,30,0.0,1,0,0.0,,386,0,102,4,0,香港
2020-03-25,,24,0.0,4,0,0.0,,410,0,106,4,0,香港
2020-03-26,,43,0.0,4,0,0.0,,453,0,110,4,0,香港
2020-03-27,,65,0.0,0,0,0.0,,518,0,110,4,0,香港
2020-01-23,,3,,0,0,,,3,12,0,0,0,黑龙江
2020-01-24,,6,,0,1,,,9,18,0,1,0,黑龙江
2020-01-25,,6,,0,0,,,15,13,0,1,0,黑龙江
2020-01-26,,6,,0,0,,,21,47,0,1,0,黑龙江
2020-01-27,,9,,0,0,,,30,67,0,1,0,黑龙江
2020-01-28,,7,,0,0,,,37,68,0,1,0,黑龙江
2020-01-29,,6,,0,0,,,43,105,0,1,0,黑龙江
2020-01-30,,16,,0,1,,,59,128,0,2,0,黑龙江
2020-01-31,,21,,0,0,,,80,149,0,2,0,黑龙江
2020-02-01,,15,,2,0,,,95,172,2,2,0,黑龙江
2020-02-02,,23,,0,0,,,118,163,2,2,0,黑龙江
2020-02-03,,37,,0,0,,,155,178,2,2,0,黑龙江
2020-02-04,,35,,2,0,,,190,184,4,2,0,黑龙江
2020-02-05,,37,0.0,3,1,,,227,0,7,3,0,黑龙江
2020-02-06,,50,88.0,1,0,,,277,0,8,3,0,黑龙江
2020-02-07,,8,0.0,4,2,,,285,210,12,5,0,黑龙江
2020-02-08,,22,0.0,1,1,,,307,0,13,6,0,黑龙江
2020-02-09,,24,,2,1,,,331,0,15,7,0,黑龙江
2020-02-10,,29,0.0,12,1,,,360,0,27,8,0,黑龙江
2020-02-11,,18,,1,0,,,378,0,28,8,0,黑龙江
2020-02-12,,17,,3,1,,,395,0,31,9,0,黑龙江
2020-02-13,,23,,6,2,,,418,0,37,11,0,黑龙江
2020-02-14,,7,,11,0,,,425,0,48,11,0,黑龙江
2020-02-15,,20,,22,0,,,445,0,70,11,0,黑龙江
2020-02-16,,12,,10,0,,,457,0,80,11,0,黑龙江
2020-02-17,,7,,5,0,,,464,0,85,11,0,黑龙江
2020-02-18,,6,,23,1,,,470,0,108,12,0,黑龙江
2020-02-19,,6,,15,0,,,476,0,123,12,0,黑龙江
2020-02-20,,3,,18,0,,,479,0,141,12,0,黑龙江
2020-02-21,,0,,42,0,,,479,0,183,12,0,黑龙江
2020-02-22,,1,,32,0,,,480,0,215,12,0,黑龙江
2020-02-23,,0,,9,0,,,480,0,224,12,0,黑龙江
2020-02-24,,0,,8,0,,,480,0,232,12,0,黑龙江
2020-02-25,,0,,13,0,,,480,0,245,12,0,黑龙江
2020-02-26,,0,,17,1,,,480,0,262,13,0,黑龙江
2020-02-27,,0,,18,0,,,480,0,280,13,0,黑龙江
2020-02-28,,0,,15,0,,,480,0,295,13,0,黑龙江
2020-02-29,,0,,35,0,,,480,0,330,13,0,黑龙江
2020-03-01,,0,,20,0,,,480,0,350,13,0,黑龙江
2020-03-02,,0,,8,0,,,480,0,358,13,0,黑龙江
2020-03-03,,0,,14,0,,,480,0,372,13,0,黑龙江
2020-03-04,,1,,7,0,,,481,0,379,13,0,黑龙江
2020-03-05,,0,,1,0,,,481,0,380,13,0,黑龙江
2020-03-06,,0,,22,0,,,481,0,402,13,0,黑龙江
2020-03-07,,0,,7,0,,,481,0,409,13,0,黑龙江
2020-03-08,,0,,12,0,,,481,0,421,13,0,黑龙江
2020-03-09,,0,,13,0,,,481,0,434,13,0,黑龙江
2020-03-10,,1,,1,0,,,482,0,435,13,0,黑龙江
2020-03-11,,0,,5,0,,,482,0,440,13,0,黑龙江
2020-03-12,,0,,6,0,,,482,0,446,13,0,黑龙江
2020-03-13,,0,,1,0,,,482,0,447,13,0,黑龙江
2020-03-14,,0,,6,0,,,482,0,453,13,0,黑龙江
2020-03-15,,0,,1,0,,,482,0,454,13,0,黑龙江
2020-03-16,,0,,2,0,,,482,0,456,13,0,黑龙江
2020-03-17,,0,,3,0,,,482,0,459,13,0,黑龙江
2020-03-18,,1,,1,0,,,483,0,460,13,0,黑龙江
2020-03-19,,1,0.0,3,0,0.0,,484,0,463,13,0,黑龙江
2020-03-20,,0,,0,0,,,484,0,463,13,0,黑龙江
2020-03-21,,0,,2,0,,,484,0,465,13,0,黑龙江
2020-03-22,,0,,0,0,,,484,0,465,13,0,黑龙江
2020-03-23,,0,,3,0,,,484,0,468,13,0,黑龙江
2020-03-24,,0,,0,0,,,484,0,468,13,0,黑龙江
2020-03-25,,0,,1,0,,,484,0,469,13,0,黑龙江
2020-03-26,,0,,0,0,,,484,0,469,13,0,黑龙江
2020-01-21,,9,,0,0,,,9,10,0,0,0,上海
2020-01-22,,7,,0,0,,,16,16,0,0,0,上海
2020-01-23,,4,,0,0,,,20,34,0,0,0,上海
2020-01-24,,13,,0,0,,,33,72,0,0,0,上海
2020-01-25,,7,,1,1,,,40,95,1,1,0,上海
2020-01-26,,13,,0,0,,,53,90,1,1,0,上海
2020-01-27,,13,,0,0,,,66,129,1,1,0,上海
2020-01-28,,14,,3,0,,,80,167,4,1,0,上海
2020-01-29,,21,,1,0,,,101,180,5,1,0,上海
2020-01-30,,27,,0,0,,,128,164,5,1,0,上海
2020-01-31,,25,,4,0,,,153,167,9,1,0,上海
2020-02-01,,24,,1,0,,,177,168,10,1,0,上海
2020-02-02,,16,,0,0,,,193,173,10,1,0,上海
2020-02-03,,15,,0,0,,,208,168,10,1,0,上海
2020-02-04,,25,,2,0,,,233,194,12,1,0,上海
2020-02-05,,21,0.0,3,0,,,254,0,15,1,0,上海
2020-02-06,,15,94.0,10,0,,,269,166,25,1,0,上海
2020-02-07,,12,0.0,5,0,,,281,166,30,1,0,上海
2020-02-08,,11,0.0,11,0,,,292,0,41,1,0,上海
2020-02-09,,3,,3,0,,,295,0,44,1,0,上海
2020-02-10,,7,,4,0,,,302,0,48,1,0,上海
2020-02-11,,4,,5,0,,,306,0,53,1,0,上海
2020-02-12,,7,,4,0,,,313,0,57,1,0,上海
2020-02-13,,5,,5,0,,,318,0,62,1,0,上海
2020-02-14,,8,,28,0,,,326,0,90,1,0,上海
2020-02-15,,2,,34,0,,,328,0,124,1,0,上海
2020-02-16,,3,,16,0,,,331,0,140,1,0,上海
2020-02-17,,2,,21,0,,,333,0,161,1,0,上海
2020-02-18,,0,,16,0,,,333,0,177,1,0,上海
2020-02-19,,0,,9,1,,,333,0,186,2,0,上海
2020-02-20,,1,,13,0,,,334,0,199,2,0,上海
2020-02-21,,0,,12,1,,,334,0,211,3,0,上海
2020-02-22,,1,,16,0,,,335,0,227,3,0,上海
2020-02-23,,0,,22,0,,,335,0,249,3,0,上海
2020-02-24,,0,,12,0,,,335,0,261,3,0,上海
2020-02-25,,1,,7,0,,,336,0,268,3,0,上海
2020-02-26,,1,,4,0,,,337,0,272,3,0,上海
2020-02-27,,0,,4,0,,,337,0,276,3,0,上海
2020-02-28,,0,,3,0,,,337,0,279,3,0,上海
2020-02-29,,0,,8,0,,,337,0,287,3,0,上海
2020-03-01,,0,,3,0,,,337,0,290,3,0,上海
2020-03-02,,1,,2,0,,,338,0,292,3,0,上海
2020-03-03,,0,,2,0,,,338,0,294,3,0,上海
2020-03-04,,0,,4,0,,,338,0,298,3,0,上海
2020-03-05,,1,,5,0,,,339,0,303,3,0,上海
2020-03-06,,3,,3,0,,,342,0,306,3,0,上海
2020-03-07,,0,,7,0,,,342,0,313,3,0,上海
2020-03-08,,0,,1,0,,,342,0,314,3,0,上海
2020-03-09,,0,,1,0,,,342,0,315,3,0,上海
2020-03-10,,2,,4,0,,,344,0,319,3,0,上海
2020-03-11,,0,,1,0,,,344,0,320,3,0,上海
2020-03-12,,2,,1,0,,,346,0,321,3,0,上海
2020-03-13,,4,,3,0,,,350,0,324,3,0,上海
2020-03-14,,3,0.0,0,0,0.0,,353,0,324,3,0,上海
2020-03-15,,2,,0,0,,,355,0,324,3,0,上海
2020-03-16,,3,,1,0,,,358,0,325,3,0,上海
2020-03-17,,3,,0,0,,,361,0,325,3,0,上海
2020-03-18,,2,,1,0,,,363,0,326,3,0,上海
2020-03-19,,8,,0,0,,,371,0,326,3,0,上海
2020-03-20,,9,,0,0,,,380,0,326,3,0,上海
2020-03-21,,14,,1,1,,,394,0,327,4,0,上海
2020-03-22,,10,,1,0,,,404,0,328,4,0,上海
2020-03-23,,10,,1,0,,,414,0,329,4,0,上海
2020-03-24,,19,,1,1,,,433,0,330,5,0,上海
2020-03-25,,18,,0,0,,,451,0,330,5,0,上海
2020-03-26,,17,,1,0,,,468,0,331,5,0,上海
2020-03-27,,0,,3,0,,,468,0,334,5,0,上海
2020-01-23,,5,,0,0,,,5,4,0,0,0,福建
2020-01-24,,5,,0,0,,,10,7,0,0,0,福建
2020-01-25,,8,,0,0,,,18,27,0,0,0,福建
2020-01-26,,17,,0,0,,,35,59,0,0,0,福建
2020-01-27,,24,,0,0,,,59,68,0,0,0,福建
2020-01-28,,23,,0,0,,,82,80,0,0,0,福建
2020-01-29,,19,,0,0,,,101,110,0,0,0,福建
2020-01-30,,19,,0,0,,,120,116,0,0,0,福建
2020-01-31,,24,,0,0,,,144,111,0,0,0,福建
2020-02-01,,15,,0,0,,,159,99,0,0,0,福建
2020-02-02,,20,,0,0,,,179,96,0,0,0,福建
2020-02-03,,15,,1,0,,,194,87,1,0,0,福建
2020-02-04,,11,,6,0,,,205,91,7,0,0,福建
2020-02-05,,10,0.0,4,0,,,215,0,11,0,0,福建
2020-02-06,,9,45.0,4,0,,,224,94,15,0,0,福建
2020-02-07,,15,0.0,5,0,,,239,0,20,0,0,福建
2020-02-08,,11,,4,0,,,250,0,24,0,0,福建
2020-02-09,,11,0.0,11,0,,,261,0,35,0,0,福建
2020-02-10,,6,,4,0,,,267,0,39,0,0,福建
2020-02-11,,5,,7,0,,,272,0,46,0,0,福建
2020-02-12,,7,,8,0,,,279,0,54,0,0,福建
2020-02-13,,2,,5,0,,,281,0,59,0,0,福建
2020-02-14,,4,,7,0,,,285,0,66,0,0,福建
2020-02-15,,2,,11,0,,,287,0,77,0,0,福建
2020-02-16,,3,,7,0,,,290,0,84,0,0,福建
2020-02-17,,2,,7,0,,,292,0,91,0,0,福建
2020-02-18,,1,,5,0,,,293,0,96,0,0,福建
2020-02-19,,0,,16,1,,,293,0,112,1,0,福建
2020-02-20,,0,,22,0,,,293,0,134,1,0,福建
2020-02-21,,0,,16,0,,,293,0,150,1,0,福建
2020-02-22,,0,,15,0,,,293,0,165,1,0,福建
2020-02-23,,0,,9,0,,,293,0,174,1,0,福建
2020-02-24,,1,,14,0,,,294,0,188,1,0,福建
2020-02-25,,0,,17,0,,,294,0,205,1,0,福建
2020-02-26,,2,,20,0,,,296,0,225,1,0,福建
2020-02-27,,0,,7,0,,,296,0,232,1,0,福建
2020-02-28,,0,,9,0,,,296,0,241,1,0,福建
2020-02-29,,0,,2,0,,,296,0,243,1,0,福建
2020-03-01,,0,,4,0,,,296,0,247,1,0,福建
2020-03-02,,0,,8,0,,,296,0,255,1,0,福建
2020-03-03,,0,,6,0,,,296,0,261,1,0,福建
2020-03-04,,0,,9,0,,,296,0,270,1,0,福建
2020-03-05,,0,,8,0,,,296,0,278,1,0,福建
2020-03-06,,0,,6,0,,,296,0,284,1,0,福建
2020-03-07,,0,,11,0,,,296,0,295,1,0,福建
2020-03-08,,0,,0,0,,,296,0,295,1,0,福建
2020-03-09,,0,,0,0,,,296,0,295,1,0,福建
2020-03-10,,0,,0,0,,,296,0,295,1,0,福建
2020-03-11,,0,,0,0,,,296,0,295,1,0,福建
2020-03-12,,0,,0,0,,,296,0,295,1,0,福建
2020-03-13,,0,,0,0,,,296,0,295,1,0,福建
2020-03-14,,0,,0,0,,,296,0,295,1,0,福建
2020-03-15,,0,,0,0,,,296,0,295,1,0,福建
2020-03-16,,0,,0,0,,,296,0,295,1,0,福建
2020-03-17,,0,,0,0,,,296,0,295,1,0,福建
2020-03-18,,0,,0,0,,,296,0,295,1,0,福建
2020-03-19,,3,,0,0,,,299,0,295,1,0,福建
2020-03-20,,4,,0,0,,,303,0,295,1,0,福建
2020-03-21,,4,,0,0,,,307,0,295,1,0,福建
2020-03-22,,6,,0,0,,,313,0,295,1,0,福建
2020-03-23,,5,,0,0,,,318,0,295,1,0,福建
2020-03-24,,4,,0,0,,,322,0,295,1,0,福建
2020-03-25,,6,,0,0,,,328,0,295,1,0,福建
2020-03-26,,3,,0,0,,,331,0,295,1,0,福建
2020-01-24,,8,,0,1,,,8,0,0,1,0,河北
2020-01-25,,5,,0,0,,,13,5,0,1,0,河北
2020-01-26,,5,,0,0,,,18,13,0,1,0,河北
2020-01-27,,15,,0,0,,,33,20,0,1,0,河北
2020-01-28,,15,,0,0,,,48,56,0,1,0,河北
2020-01-29,,17,,0,0,,,65,68,0,1,0,河北
2020-01-30,,17,,0,0,,,82,78,0,1,0,河北
2020-01-31,,14,,0,0,,,96,88,0,1,0,河北
2020-02-01,,8,,3,0,,,104,104,3,1,0,河北
2020-02-02,,9,,0,0,,,113,108,3,1,0,河北
2020-02-03,,13,,0,0,,,126,93,3,1,0,河北
2020-02-04,,9,,1,0,,,135,117,4,1,0,河北
2020-02-05,,22,0.0,3,0,,,157,0,7,1,0,河北
2020-02-06,,14,44.0,9,0,,,171,117,16,1,0,河北
2020-02-07,,24,0.0,9,0,,,195,0,25,1,0,河北
2020-02-08,,11,,5,1,,,206,0,30,2,0,河北
2020-02-09,,12,,5,0,,,218,0,35,2,0,河北
2020-02-10,,21,,6,0,,,239,0,41,2,0,河北
2020-02-11,,12,,7,0,,,251,0,48,2,0,河北
2020-02-12,,14,,6,1,,,265,0,54,3,0,河北
2020-02-13,,18,,15,0,,,283,0,69,3,0,河北
2020-02-14,,8,,17,0,,,291,0,86,3,0,河北
2020-02-15,,9,0.0,14,0,,,300,0,100,3,0,河北
2020-02-16,,1,,9,0,,,301,0,109,3,0,河北
2020-02-17,,1,,14,1,,,302,0,123,4,0,河北
2020-02-18,,4,,13,0,,,306,0,136,4,0,河北
2020-02-19,,1,,16,1,,,307,0,152,5,0,河北
2020-02-20,,1,,18,0,,,308,0,170,5,0,河北
2020-02-21,,1,,14,1,,,309,0,184,6,0,河北
2020-02-22,,2,,20,0,,,311,0,204,6,0,河北
2020-02-23,,0,,17,0,,,311,0,221,6,0,河北
2020-02-24,,0,,20,0,,,311,0,241,6,0,河北
2020-02-25,,1,,7,0,,,312,0,248,6,0,河北
2020-02-26,,5,,13,0,,,317,0,261,6,0,河北
2020-02-27,,1,,13,0,,,318,0,274,6,0,河北
2020-02-28,,0,,3,0,,,318,0,277,6,0,河北
2020-02-29,,0,,6,0,,,318,0,283,6,0,河北
2020-03-01,,0,,11,0,,,318,0,294,6,0,河北
2020-03-02,,0,,3,0,,,318,0,297,6,0,河北
2020-03-03,,0,,3,0,,,318,0,300,6,0,河北
2020-03-04,,0,,1,0,,,318,0,301,6,0,河北
2020-03-05,,0,,3,0,,,318,0,304,6,0,河北
2020-03-06,,0,,1,0,,,318,0,305,6,0,河北
2020-03-07,,0,,2,0,,,318,0,307,6,0,河北
2020-03-08,,0,,0,0,,,318,0,307,6,0,河北
2020-03-09,,0,,0,0,,,318,0,307,6,0,河北
2020-03-10,,0,,0,0,,,318,0,307,6,0,河北
2020-03-11,,0,,0,0,,,318,0,307,6,0,河北
2020-03-12,,0,,3,0,,,318,0,310,6,0,河北
2020-03-13,,0,,0,0,,,318,0,310,6,0,河北
2020-03-14,,0,,0,0,,,318,0,310,6,0,河北
2020-03-15,,0,,0,0,,,318,0,310,6,0,河北
2020-03-16,,0,,0,0,,,318,0,310,6,0,河北
2020-03-17,,0,,0,0,,,318,0,310,6,0,河北
2020-03-18,,0,,0,0,,,318,0,310,6,0,河北
2020-03-19,,0,,0,0,,,318,0,310,6,0,河北
2020-03-20,,0,,0,0,,,318,0,310,6,0,河北
2020-03-21,,1,,0,0,,,319,0,310,6,0,河北
2020-03-22,,0,,0,0,,,319,0,310,6,0,河北
2020-03-23,,0,,0,0,,,319,0,310,6,0,河北
2020-03-24,,0,,0,0,,,319,0,310,6,0,河北
2020-03-25,,0,,0,0,,,319,0,310,6,0,河北
2020-03-26,,0,,0,0,,,319,0,310,6,0,河北
2020-01-21,,1,,1,0,,,1,0,1,0,0,台湾
2020-01-22,,0,,0,0,,,1,0,1,0,0,台湾
2020-01-23,,0,,0,0,,,1,0,1,0,0,台湾
2020-01-24,,2,,0,0,,,3,0,1,0,0,台湾
2020-01-25,,0,,0,0,,,3,0,1,0,0,台湾
2020-01-26,,1,,0,0,,,4,0,1,0,0,台湾
2020-01-27,,1,,0,0,,,5,0,0,0,0,台湾
2020-01-28,,3,,0,0,,,8,0,0,0,0,台湾
2020-01-29,,0,,0,0,,,8,0,0,0,0,台湾
2020-01-30,,1,,0,0,,,9,0,0,0,0,台湾
2020-01-31,,1,,0,0,,,10,0,0,0,0,台湾
2020-02-01,,0,,0,0,,,10,0,0,0,0,台湾
2020-02-02,,0,,0,0,,,10,0,0,0,0,台湾
2020-02-03,,0,,0,0,,,10,0,0,0,0,台湾
2020-02-04,,1,,0,0,,,11,0,0,0,0,台湾
2020-02-05,,0,0.0,0,0,,,11,0,0,0,0,台湾
2020-02-06,,5,0.0,1,0,,,16,0,1,0,0,台湾
2020-02-07,,1,0.0,0,0,,,17,0,1,0,0,台湾
2020-02-08,,0,0.0,0,0,,,17,0,1,0,0,台湾
2020-02-09,,1,0.0,0,0,,,18,0,1,0,0,台湾
2020-02-10,,0,0.0,0,0,,,18,0,1,0,0,台湾
2020-02-11,,0,0.0,0,0,,,18,0,1,0,0,台湾
2020-02-12,,0,0.0,0,0,,,18,0,1,0,0,台湾
2020-02-13,,0,0.0,0,0,,,18,0,1,0,0,台湾
2020-02-14,,0,0.0,0,0,,,18,0,1,0,0,台湾
2020-02-15,,0,0.0,1,0,,,18,0,2,0,0,台湾
2020-02-16,,2,0.0,0,1,,,20,0,2,1,0,台湾
2020-02-17,,2,0.0,0,0,,,22,0,2,1,0,台湾
2020-02-18,,0,0.0,0,0,,,22,0,2,1,0,台湾
2020-02-19,,2,0.0,0,0,,,24,0,2,1,0,台湾
2020-02-20,,0,0.0,0,0,,,24,0,2,1,0,台湾
2020-02-21,,2,0.0,0,0,,,26,0,2,1,0,台湾
2020-02-22,,0,0.0,0,0,,,26,0,2,1,0,台湾
2020-02-23,,2,0.0,3,0,,,28,0,5,1,0,台湾
2020-02-24,,2,0.0,0,0,,,30,0,5,1,0,台湾
2020-02-25,,1,0.0,0,0,,,31,0,5,1,0,台湾
2020-02-26,,1,0.0,0,0,,,32,0,5,1,0,台湾
2020-02-27,,0,0.0,1,0,,,32,0,6,1,0,台湾
2020-02-28,,2,0.0,3,0,,,34,0,9,1,0,台湾
2020-02-29,,5,0.0,0,0,,,39,0,9,1,0,台湾
2020-03-01,,1,0.0,3,0,,,40,0,12,1,0,台湾
2020-03-02,,1,0.0,0,0,,,41,0,12,1,0,台湾
2020-03-03,,1,0.0,0,0,,,42,0,12,1,0,台湾
2020-03-04,,0,,0,0,,,42,0,12,1,0,台湾
2020-03-05,,2,0.0,0,0,0.0,,44,0,12,1,0,台湾
2020-03-06,,1,0.0,0,0,0.0,,45,0,12,1,0,台湾
2020-03-07,,0,0.0,1,0,0.0,,45,0,13,1,0,台湾
2020-03-08,,0,0.0,2,0,0.0,,45,0,15,1,0,台湾
2020-03-09,,0,,0,0,,,45,0,15,1,0,台湾
2020-03-10,,2,0.0,2,0,0.0,,47,0,17,1,0,台湾
2020-03-11,,1,0.0,0,0,0.0,,48,0,17,1,0,台湾
2020-03-12,,1,0.0,3,0,0.0,,49,0,20,1,0,台湾
2020-03-13,,1,0.0,0,0,0.0,,50,0,20,1,0,台湾
2020-03-14,,3,0.0,0,0,0.0,,53,0,20,1,0,台湾
2020-03-15,,6,0.0,0,0,0.0,,59,0,20,1,0,台湾
2020-03-16,,8,0.0,2,0,0.0,,67,0,22,1,0,台湾
2020-03-17,,10,0.0,0,0,0.0,,77,0,22,1,0,台湾
2020-03-18,,23,0.0,0,0,0.0,,100,0,22,1,0,台湾
2020-03-19,,8,0.0,4,0,0.0,,108,0,26,1,0,台湾
2020-03-20,,27,0.0,2,1,0.0,,135,0,28,2,0,台湾
2020-03-21,,18,0.0,0,0,0.0,,153,0,28,2,0,台湾
2020-03-22,,16,0.0,0,0,0.0,,169,0,28,2,0,台湾
2020-03-23,,26,0.0,1,0,0.0,,195,0,29,2,0,台湾
2020-03-24,,21,0.0,0,0,0.0,,216,0,29,2,0,台湾
2020-03-25,,19,0.0,0,0,0.0,,235,0,29,2,0,台湾
2020-03-26,,17,0.0,0,0,0.0,,252,0,29,2,0,台湾
2020-03-27,,15,0.0,0,0,0.0,,267,0,29,2,0,台湾
2020-01-22,,5,,0,0,,,5,3,0,0,0,广西
2020-01-23,,8,,0,0,,,13,2,0,0,0,广西
2020-01-24,,10,,0,0,,,23,6,0,0,0,广西
2020-01-25,,10,,0,0,,,33,21,0,0,0,广西
2020-01-26,,13,,0,0,,,46,40,0,0,0,广西
2020-01-27,,5,,0,0,,,51,11,0,0,0,广西
2020-01-28,,7,,2,0,,,58,118,2,0,0,广西
2020-01-29,,20,,0,0,,,78,155,2,0,0,广西
2020-01-30,,9,,0,0,,,87,256,2,0,0,广西
2020-01-31,,13,,0,0,,,100,288,2,0,0,广西
2020-02-01,,11,,0,0,,,111,319,2,0,0,广西
2020-02-02,,16,,0,0,,,127,330,2,0,0,广西
2020-02-03,,12,,5,0,,,139,364,7,0,0,广西
2020-02-04,,11,,3,0,,,150,396,10,0,0,广西
2020-02-05,,18,0.0,4,0,,,168,0,14,0,0,广西
2020-02-06,,4,142.0,3,0,,,172,340,17,0,0,广西
2020-02-07,,11,0.0,0,0,,,183,340,14,0,0,广西
2020-02-08,,12,,4,1,,,195,0,18,1,0,广西
2020-02-09,,15,,2,0,,,210,0,20,1,0,广西
2020-02-10,,5,,10,0,,,215,0,30,1,0,广西
2020-02-11,,7,,1,0,,,222,0,31,1,0,广西
2020-02-12,,0,,2,1,,,222,0,33,2,0,广西
2020-02-13,,4,,2,0,,,226,0,35,2,0,广西
2020-02-14,,9,,5,0,,,235,0,40,2,0,广西
2020-02-15,,2,,6,0,,,237,0,46,2,0,广西
2020-02-16,,1,,5,0,,,238,0,51,2,0,广西
2020-02-17,,4,,8,0,,,242,0,59,2,0,广西
2020-02-18,,2,,17,0,,,244,0,76,2,0,广西
2020-02-19,,1,,11,0,,,245,0,87,2,0,广西
2020-02-20,,1,,8,0,,,246,0,95,2,0,广西
2020-02-21,,3,,4,0,,,249,0,99,2,0,广西
2020-02-22,,0,,5,0,,,249,0,104,2,0,广西
2020-02-23,,2,,3,0,,,251,0,107,2,0,广西
2020-02-24,,1,,22,0,,,252,0,129,2,0,广西
2020-02-25,,0,,9,0,,,252,0,138,2,0,广西
2020-02-26,,0,,21,0,,,252,0,159,2,0,广西
2020-02-27,,0,,7,0,,,252,0,166,2,0,广西
2020-02-28,,0,,6,0,,,252,0,172,2,0,广西
2020-02-29,,0,,7,0,,,252,0,179,2,0,广西
2020-03-01,,0,,9,0,,,252,0,188,2,0,广西
2020-03-02,,0,,14,0,,,252,0,202,2,0,广西
2020-03-03,,0,,8,0,,,252,0,210,2,0,广西
2020-03-04,,0,,3,0,,,252,0,213,2,0,广西
2020-03-05,,0,,4,0,,,252,0,217,2,0,广西
2020-03-06,,0,,2,0,,,252,0,219,2,0,广西
2020-03-07,,0,,4,0,,,252,0,223,2,0,广西
2020-03-08,,0,,7,0,,,252,0,230,2,0,广西
2020-03-09,,0,,4,0,,,252,0,234,2,0,广西
2020-03-10,,0,,3,0,,,252,0,237,2,0,广西
2020-03-11,,0,,4,0,,,252,0,241,2,0,广西
2020-03-12,,0,,2,0,,,252,0,243,2,0,广西
2020-03-13,,0,,0,0,,,252,0,243,2,0,广西
2020-03-14,,0,,0,0,,,252,0,243,2,0,广西
2020-03-15,,0,,4,0,,,252,0,247,2,0,广西
2020-03-16,,1,,1,0,,,253,0,248,2,0,广西
2020-03-17,,0,,2,0,,,253,0,250,2,0,广西
2020-03-18,,0,,0,0,,,253,0,250,2,0,广西
2020-03-19,,1,,0,0,,,254,0,250,2,0,广西
2020-03-20,,0,,0,0,,,254,0,250,2,0,广西
2020-03-21,,0,,0,0,,,254,0,250,2,0,广西
2020-03-22,,0,,0,0,,,254,0,250,2,0,广西
2020-03-23,,0,,0,0,,,254,0,250,2,0,广西
2020-03-24,,0,,0,0,,,254,0,250,2,0,广西
2020-03-25,,0,,0,0,,,254,0,250,2,0,广西
2020-03-26,,0,,0,0,,,254,0,250,2,0,广西
2020-01-23,,3,,0,0,,,3,0,0,0,0,陕西
2020-01-24,,2,,0,0,,,5,0,0,0,0,陕西
2020-01-25,,10,,0,0,,,15,0,0,0,0,陕西
2020-01-26,,7,,0,0,,,22,0,0,0,0,陕西
2020-01-27,,13,,0,0,,,35,0,0,0,0,陕西
2020-01-28,,11,,0,0,,,46,0,0,0,0,陕西
2020-01-29,,17,,0,0,,,63,116,0,0,0,陕西
2020-01-30,,24,,0,0,,,87,132,0,0,0,陕西
2020-01-31,,14,,0,0,,,101,158,0,0,0,陕西
2020-02-01,,15,,0,0,,,116,201,0,0,0,陕西
2020-02-02,,12,,0,0,,,128,205,0,0,0,陕西
2020-02-03,,14,,0,0,,,142,221,0,0,0,陕西
2020-02-04,,23,,0,0,,,165,215,0,0,0,陕西
2020-02-05,,8,0.0,6,0,,,173,0,6,0,0,陕西
2020-02-06,,11,70.0,5,0,,,184,360,11,0,0,陕西
2020-02-07,,11,0.0,6,0,,,195,360,17,0,0,陕西
2020-02-08,,13,,3,0,,,208,0,20,0,0,陕西
2020-02-09,,5,,7,0,,,213,0,27,0,0,陕西
2020-02-10,,6,,4,0,,,219,0,31,0,0,陕西
2020-02-11,,6,,5,0,,,225,0,36,0,0,陕西
2020-02-12,,4,,6,0,,,229,0,42,0,0,陕西
2020-02-13,,1,,7,0,,,230,0,49,0,0,陕西
2020-02-14,,2,,4,0,,,232,0,53,0,0,陕西
2020-02-15,,4,,11,0,,,236,0,64,0,0,陕西
2020-02-16,,4,,10,0,,,240,0,74,0,0,陕西
2020-02-17,,0,,5,0,,,240,0,79,0,0,陕西
2020-02-18,,2,,10,0,,,242,0,89,0,0,陕西
2020-02-19,,3,,16,1,,,245,0,105,1,0,陕西
2020-02-20,,0,,12,0,,,245,0,117,1,0,陕西
2020-02-21,,0,,23,0,,,245,0,140,1,0,陕西
2020-02-22,,0,,13,0,,,245,0,153,1,0,陕西
2020-02-23,,0,,9,0,,,245,0,162,1,0,陕西
2020-02-24,,0,,13,0,,,245,0,175,1,0,陕西
2020-02-25,,0,,11,0,,,245,0,186,1,0,陕西
2020-02-26,,0,,8,0,,,245,0,194,1,0,陕西
2020-02-27,,0,,3,0,,,245,0,197,1,0,陕西
2020-02-28,,0,,3,0,,,245,0,200,1,0,陕西
2020-02-29,,0,,7,0,,,245,0,207,1,0,陕西
2020-03-01,,0,,2,0,,,245,0,209,1,0,陕西
2020-03-02,,0,,7,0,,,245,0,216,1,0,陕西
2020-03-03,,0,,2,0,,,245,0,218,1,0,陕西
2020-03-04,,0,,4,0,,,245,0,222,1,0,陕西
2020-03-05,,0,,2,0,,,245,0,224,1,0,陕西
2020-03-06,,0,,2,0,,,245,0,226,1,0,陕西
2020-03-07,,0,,0,0,,,245,0,226,1,0,陕西
2020-03-08,,0,,1,0,,,245,0,227,1,0,陕西
2020-03-09,,0,,0,0,,,245,0,227,1,0,陕西
2020-03-10,,0,,0,0,,,245,0,227,1,0,陕西
2020-03-11,,0,,5,1,,,245,0,232,2,0,陕西
2020-03-12,,0,,0,0,,,245,0,232,2,0,陕西
2020-03-13,,0,,0,0,,,245,0,232,2,0,陕西
2020-03-14,,0,,0,0,,,245,0,232,2,0,陕西
2020-03-15,,0,,0,0,,,245,0,232,2,0,陕西
2020-03-16,,1,,1,1,,,246,0,233,3,0,陕西
2020-03-17,,0,,3,0,,,246,0,236,3,0,陕西
2020-03-18,,0,0.0,1,0,0.0,,246,0,237,3,0,陕西
2020-03-19,,0,,0,0,,,246,0,237,3,0,陕西
2020-03-20,,2,,2,0,,,248,0,239,3,0,陕西
2020-03-21,,0,,0,0,,,248,0,239,3,0,陕西
2020-03-22,,0,,0,0,,,248,0,239,3,0,陕西
2020-03-23,,0,,1,0,,,248,0,240,3,0,陕西
2020-03-24,,1,,0,0,,,249,0,240,3,0,陕西
2020-03-25,,3,,2,0,,,252,0,242,3,0,陕西
2020-03-26,,1,,0,0,,,253,0,242,3,0,陕西
2020-01-22,,1,,0,0,,,1,0,0,0,0,云南
2020-01-23,,1,,0,0,,,2,1,0,0,0,云南
2020-01-24,,3,,0,0,,,5,4,0,0,0,云南
2020-01-25,,6,,0,0,,,11,29,0,0,0,云南
2020-01-26,,10,,0,0,,,21,75,0,0,0,云南
2020-01-27,,11,,0,0,,,32,104,0,0,0,云南
2020-01-28,,19,,0,0,,,51,163,0,0,0,云南
2020-01-29,,19,,0,0,,,70,191,0,0,0,云南
2020-01-30,,10,,0,0,,,80,236,0,0,0,云南
2020-01-31,,11,,1,0,,,91,228,1,0,0,云南
2020-02-01,,8,,1,0,,,99,261,2,0,0,云南
2020-02-02,,10,,1,0,,,109,252,3,0,0,云南
2020-02-03,,8,,2,0,,,117,225,5,0,0,云南
2020-02-04,,5,,0,0,,,122,172,5,0,0,云南
2020-02-05,,6,0.0,0,0,,,128,0,5,0,0,云南
2020-02-06,,7,0.0,2,0,,,135,0,7,0,0,云南
2020-02-07,,3,0.0,5,0,,,138,0,12,0,0,云南
2020-02-08,,2,,5,0,,,140,0,17,0,0,云南
2020-02-09,,1,,1,0,,,141,0,18,0,0,云南
2020-02-10,,8,,1,0,,,149,0,19,0,0,云南
2020-02-11,,5,0.0,1,0,,,154,0,20,0,0,云南
2020-02-12,,1,,3,0,,,155,0,23,0,0,云南
2020-02-13,,7,0.0,4,0,,,162,0,27,0,0,云南
2020-02-14,,6,,8,0,,,168,0,35,0,0,云南
2020-02-15,,1,,7,0,,,169,0,42,0,0,云南
2020-02-16,,2,,0,0,,,171,0,42,0,0,云南
2020-02-17,,1,,5,0,,,172,0,47,0,0,云南
2020-02-18,,0,,10,0,,,172,0,57,0,0,云南
2020-02-19,,0,,3,1,,,172,0,60,1,0,云南
2020-02-20,,2,,19,1,,,174,0,79,2,0,云南
2020-02-21,,0,,17,0,,,174,0,96,2,0,云南
2020-02-22,,0,,11,0,,,174,0,107,2,0,云南
2020-02-23,,0,,8,0,,,174,0,115,2,0,云南
2020-02-24,,0,,9,0,,,174,0,124,2,0,云南
2020-02-25,,0,,5,0,,,174,0,129,2,0,云南
2020-02-26,,0,,15,0,,,174,0,144,2,0,云南
2020-02-27,,0,,6,0,,,174,0,150,2,0,云南
2020-02-28,,0,0.0,6,0,,,174,0,156,2,0,云南
2020-02-29,,0,,1,0,,,174,0,157,2,0,云南
2020-03-01,,0,,6,0,,,174,0,163,2,0,云南
2020-03-02,,0,0.0,5,0,,,174,0,168,2,0,云南
2020-03-03,,0,,1,0,,,174,0,169,2,0,云南
2020-03-04,,0,,0,0,,,174,0,169,2,0,云南
2020-03-05,,0,,0,0,,,174,0,169,2,0,云南
2020-03-06,,0,,1,0,,,174,0,170,2,0,云南
2020-03-07,,0,,0,0,,,174,0,170,2,0,云南
2020-03-08,,0,,0,0,,,174,0,170,2,0,云南
2020-03-09,,0,,0,0,,,174,0,170,2,0,云南
2020-03-10,,0,,0,0,,,174,0,170,2,0,云南
2020-03-11,,0,,0,0,,,174,0,170,2,0,云南
2020-03-12,,0,0.0,0,0,0.0,,174,0,170,2,0,云南
2020-03-13,,0,0.0,0,0,0.0,,174,0,170,2,0,云南
2020-03-14,,0,0.0,2,0,0.0,,174,0,172,2,0,云南
2020-03-15,,1,,0,0,,,175,0,172,2,0,云南
2020-03-16,,1,,0,0,,,176,0,172,2,0,云南
2020-03-17,,0,,0,0,,,176,0,172,2,0,云南
2020-03-18,,0,,0,0,,,176,0,172,2,0,云南
2020-03-19,,0,,0,0,,,176,0,172,2,0,云南
2020-03-20,,0,,0,0,,,176,0,172,2,0,云南
2020-03-21,,0,,0,0,,,176,0,172,2,0,云南
2020-03-22,,0,,0,0,,,176,0,172,2,0,云南
2020-03-23,,0,,0,0,,,176,0,172,2,0,云南
2020-03-24,,0,,0,0,,,176,0,172,2,0,云南
2020-03-25,,2,,0,0,,,178,0,172,2,0,云南
2020-03-26,,2,,0,0,,,180,0,172,2,0,云南
2020-01-23,,5,,0,0,,,5,0,0,0,0,海南
2020-01-24,,5,,0,0,,,10,0,0,0,0,海南
2020-01-25,,10,,0,0,,,20,1,0,0,0,海南
2020-01-26,,7,,0,0,,,27,0,0,0,0,海南
2020-01-27,,11,,0,1,,,38,21,0,1,0,海南
2020-01-28,,5,,0,0,,,43,48,0,1,0,海南
2020-01-29,,3,,1,0,,,46,66,1,1,0,海南
2020-01-30,,3,,0,0,,,49,73,1,1,0,海南
2020-01-31,,8,,0,0,,,57,95,1,1,0,海南
2020-02-01,,6,,0,0,,,63,101,1,1,0,海南
2020-02-02,,7,,3,0,,,70,113,4,1,0,海南
2020-02-03,,9,,0,0,,,79,109,4,1,0,海南
2020-02-04,,10,,0,0,,,89,118,4,1,0,海南
2020-02-05,,11,0.0,1,0,,,100,0,5,1,0,海南
2020-02-06,,11,53.0,3,1,,,111,150,8,2,0,海南
2020-02-07,,12,0.0,3,0,,,123,150,11,2,0,海南
2020-02-08,,5,,4,0,,,128,0,15,2,0,海南
2020-02-09,,8,,4,1,,,136,0,19,3,0,海南
2020-02-10,,6,,0,0,,,142,0,19,3,0,海南
2020-02-11,,3,,1,0,,,145,0,20,3,0,海南
2020-02-12,,12,,7,1,,,157,0,27,4,0,海南
2020-02-13,,0,,3,0,,,157,0,30,4,0,海南
2020-02-14,,5,,8,0,,,162,0,38,4,0,海南
2020-02-15,,0,,1,0,,,162,0,39,4,0,海南
2020-02-16,,0,,13,0,,,162,0,52,4,0,海南
2020-02-17,,1,,7,0,,,163,0,59,4,0,海南
2020-02-18,,0,,20,0,,,163,0,79,4,0,海南
2020-02-19,,5,0.0,5,0,,,168,0,84,4,0,海南
2020-02-20,,0,,5,0,,,168,0,89,4,0,海南
2020-02-21,,0,,7,0,,,168,0,96,4,0,海南
2020-02-22,,0,,8,0,,,168,0,104,4,0,海南
2020-02-23,,0,,2,1,,,168,0,106,5,0,海南
2020-02-24,,0,,10,0,,,168,0,116,5,0,海南
2020-02-25,,0,,8,0,,,168,0,124,5,0,海南
2020-02-26,,0,,5,0,,,168,0,129,5,0,海南
2020-02-27,,0,,3,0,,,168,0,132,5,0,海南
2020-02-28,,0,,4,0,,,168,0,136,5,0,海南
2020-02-29,,0,,12,0,,,168,0,148,5,0,海南
2020-03-01,,0,,3,0,,,168,0,151,5,0,海南
2020-03-02,,0,,0,0,,,168,0,151,5,0,海南
2020-03-03,,0,,4,0,,,168,0,155,5,0,海南
2020-03-04,,0,,3,0,,,168,0,158,5,0,海南
2020-03-05,,0,,0,1,,,168,0,158,6,0,海南
2020-03-06,,0,,0,0,,,168,0,158,6,0,海南
2020-03-07,,0,,0,0,,,168,0,158,6,0,海南
2020-03-08,,0,,1,0,,,168,0,159,6,0,海南
2020-03-09,,0,,0,0,,,168,0,159,6,0,海南
2020-03-10,,0,,0,0,,,168,0,159,6,0,海南
2020-03-11,,0,,1,0,,,168,0,160,6,0,海南
2020-03-12,,0,,0,0,,,168,0,160,6,0,海南
2020-03-13,,0,,0,0,,,168,0,160,6,0,海南
2020-03-14,,0,,0,0,,,168,0,160,6,0,海南
2020-03-15,,0,,0,0,,,168,0,160,6,0,海南
2020-03-16,,0,,1,0,,,168,0,161,6,0,海南
2020-03-17,,0,,0,0,,,168,0,161,6,0,海南
2020-03-18,,0,,0,0,,,168,0,161,6,0,海南
2020-03-19,,0,,0,0,,,168,0,161,6,0,海南
2020-03-20,,0,,0,0,,,168,0,161,6,0,海南
2020-03-21,,0,,0,0,,,168,0,161,6,0,海南
2020-03-22,,0,,0,0,,,168,0,161,6,0,海南
2020-03-23,,0,,0,0,,,168,0,161,6,0,海南
2020-03-24,,0,,1,0,,,168,0,162,6,0,海南
2020-03-25,,0,,0,0,,,168,0,162,6,0,海南
2020-03-26,,0,,0,0,,,168,0,162,6,0,海南
2020-01-24,,8,,0,0,,,8,51,0,0,0,天津
2020-01-25,,2,,0,0,,,10,61,0,0,0,天津
2020-01-26,,5,,0,0,,,15,85,0,0,0,天津
2020-01-27,,8,,0,0,,,23,88,0,0,0,天津
2020-01-28,,2,,0,0,,,25,103,0,0,0,天津
2020-01-29,,2,,0,0,,,27,104,0,0,0,天津
2020-01-30,,5,,0,0,,,32,150,0,0,0,天津
2020-01-31,,2,,0,0,,,34,142,0,0,0,天津
2020-02-01,,11,,0,0,,,45,112,0,0,0,天津
2020-02-02,,4,,1,0,,,49,133,1,0,0,天津
2020-02-03,,14,,0,0,,,63,168,1,0,0,天津
2020-02-04,,4,,1,0,,,67,190,2,0,0,天津
2020-02-05,,2,0.0,0,1,,,69,0,2,1,0,天津
2020-02-06,,10,101.0,0,0,,,79,228,2,1,0,天津
2020-02-07,,2,0.0,0,0,,,81,228,2,1,0,天津
2020-02-08,,7,,2,0,,,88,0,4,1,0,天津
2020-02-09,,3,,0,0,,,91,0,4,1,0,天津
2020-02-10,,4,0.0,4,1,,,95,0,8,2,0,天津
2020-02-11,,11,0.0,2,0,,,106,0,10,2,0,天津
2020-02-12,,6,,1,1,,,112,0,11,3,0,天津
2020-02-13,,7,,10,0,,,119,0,21,3,0,天津
2020-02-14,,1,,11,0,,,120,0,32,3,0,天津
2020-02-15,,2,,5,0,,,122,0,37,3,0,天津
2020-02-16,,2,,8,0,,,124,0,45,3,0,天津
2020-02-17,,1,,1,0,,,125,0,46,3,0,天津
2020-02-18,,3,,2,0,,,128,0,48,3,0,天津
2020-02-19,,2,,6,0,,,130,0,54,3,0,天津
2020-02-20,,1,,5,0,,,131,0,59,3,0,天津
2020-02-21,,2,,3,0,,,133,0,62,3,0,天津
2020-02-22,,2,0.0,3,0,,,135,0,65,3,0,天津
2020-02-23,,0,,16,0,,,135,0,81,3,0,天津
2020-02-24,,0,,6,0,,,135,0,87,3,0,天津
2020-02-25,,0,,4,0,,,135,0,91,3,0,天津
2020-02-26,,0,,5,0,,,135,0,96,3,0,天津
2020-02-27,,1,,6,0,,,136,0,102,3,0,天津
2020-02-28,,0,,3,0,,,136,0,105,3,0,天津
2020-02-29,,0,,4,0,,,136,0,109,3,0,天津
2020-03-01,,0,,9,0,,,136,0,118,3,0,天津
2020-03-02,,0,,0,0,,,136,0,118,3,0,天津
2020-03-03,,0,,6,0,,,136,0,124,3,0,天津
2020-03-04,,0,,4,0,,,136,0,128,3,0,天津
2020-03-05,,0,,0,0,,,136,0,128,3,0,天津
2020-03-06,,0,,0,0,,,136,0,128,3,0,天津
2020-03-07,,0,,0,0,,,136,0,128,3,0,天津
2020-03-08,,0,,1,0,,,136,0,129,3,0,天津
2020-03-09,,0,,1,0,,,136,0,130,3,0,天津
2020-03-10,,0,,1,0,,,136,0,131,3,0,天津
2020-03-11,,0,,1,0,,,136,0,132,3,0,天津
2020-03-12,,0,,0,0,,,136,0,132,3,0,天津
2020-03-13,,0,,0,0,,,136,0,132,3,0,天津
2020-03-14,,0,,0,0,,,136,0,132,3,0,天津
2020-03-15,,0,,1,0,,,136,0,133,3,0,天津
2020-03-16,,0,,0,0,,,136,0,133,3,0,天津
2020-03-17,,0,,0,0,,,136,0,133,3,0,天津
2020-03-18,,0,,0,0,,,136,0,133,3,0,天津
2020-03-19,,1,,0,0,,,137,0,133,3,0,天津
2020-03-20,,0,,0,0,,,137,0,133,3,0,天津
2020-03-21,,0,,0,0,,,137,0,133,3,0,天津
2020-03-22,,0,,0,0,,,137,0,133,3,0,天津
2020-03-23,,4,,0,0,,,141,0,133,3,0,天津
2020-03-24,,4,,0,0,,,145,0,133,3,0,天津
2020-03-25,,2,,0,0,,,147,0,133,3,0,天津
2020-03-26,,4,,0,0,,,151,0,133,3,0,天津
2020-03-27,,4,,0,0,,,155,0,133,3,0,天津
2020-01-21,,0,,0,0,,,0,1,0,0,0,贵州
2020-01-22,,3,,0,0,,,3,0,0,0,0,贵州
2020-01-23,,0,,0,0,,,3,0,0,0,0,贵州
2020-01-24,,1,,0,0,,,4,0,0,0,0,贵州
2020-01-25,,1,,0,0,,,5,2,0,0,0,贵州
2020-01-26,,2,,0,0,,,7,3,0,0,0,贵州
2020-01-27,,2,,0,0,,,9,1,0,0,0,贵州
2020-01-28,,0,,1,0,,,9,3,1,0,0,贵州
2020-01-29,,3,,0,0,,,12,6,1,0,0,贵州
2020-01-30,,3,,0,0,,,15,75,1,0,0,贵州
2020-01-31,,14,,1,0,,,29,67,2,0,0,贵州
2020-02-01,,9,,0,0,,,38,59,2,0,0,贵州
2020-02-02,,8,,0,0,,,46,41,2,0,0,贵州
2020-02-03,,10,,0,0,,,56,33,2,0,0,贵州
2020-02-04,,8,,3,0,,,64,33,5,0,0,贵州
2020-02-05,,5,0.0,1,1,,,69,0,6,1,0,贵州
2020-02-06,,8,38.0,0,0,,,77,54,6,1,0,贵州
2020-02-07,,4,,0,0,,,81,0,6,1,0,贵州
2020-02-08,,15,,1,0,,,96,0,7,1,0,贵州
2020-02-09,,13,0.0,0,0,,,109,0,7,1,0,贵州
2020-02-10,,9,,3,0,,,118,0,10,1,0,贵州
2020-02-11,,13,0.0,7,0,,,131,0,17,1,0,贵州
2020-02-12,,4,,3,0,,,135,0,20,1,0,贵州
2020-02-13,,5,,8,0,,,140,0,28,1,0,贵州
2020-02-14,,3,,5,0,,,143,0,33,1,0,贵州
2020-02-15,,1,,6,0,,,144,0,39,1,0,贵州
2020-02-16,,2,,8,0,,,146,0,47,1,0,贵州
2020-02-17,,0,,19,0,,,146,0,66,1,0,贵州
2020-02-18,,0,,3,1,,,146,0,69,2,0,贵州
2020-02-19,,0,,2,0,,,146,0,71,2,0,贵州
2020-02-20,,0,,5,0,,,146,0,76,2,0,贵州
2020-02-21,,0,,14,0,,,146,0,90,2,0,贵州
2020-02-22,,0,,1,0,,,146,0,91,2,0,贵州
2020-02-23,,0,,11,0,,,146,0,102,2,0,贵州
2020-02-24,,0,,1,0,,,146,0,103,2,0,贵州
2020-02-25,,0,,1,0,,,146,0,104,2,0,贵州
2020-02-26,,0,,8,0,,,146,0,112,2,0,贵州
2020-02-27,,0,,0,0,,,146,0,112,2,0,贵州
2020-02-28,,0,,0,0,,,146,0,112,2,0,贵州
2020-02-29,,0,,0,0,,,146,0,112,2,0,贵州
2020-03-01,,0,,2,0,,,146,0,114,2,0,贵州
2020-03-02,,0,,0,0,,,146,0,114,2,0,贵州
2020-03-03,,0,,0,0,,,146,0,114,2,0,贵州
2020-03-04,,0,,0,0,,,146,0,114,2,0,贵州
2020-03-05,,0,,0,0,,,146,0,114,2,0,贵州
2020-03-06,,0,,1,0,,,146,0,115,2,0,贵州
2020-03-07,,0,,2,0,,,146,0,117,2,0,贵州
2020-03-08,,0,,6,0,,,146,0,123,2,0,贵州
2020-03-09,,0,,6,0,,,146,0,129,2,0,贵州
2020-03-10,,0,,4,0,,,146,0,133,2,0,贵州
2020-03-11,,0,,4,0,,,146,0,137,2,0,贵州
2020-03-12,,0,,3,0,,,146,0,140,2,0,贵州
2020-03-13,,0,,3,0,,,146,0,143,2,0,贵州
2020-03-14,,0,,0,0,,,146,0,143,2,0,贵州
2020-03-15,,0,,0,0,,,146,0,143,2,0,贵州
2020-03-16,,0,,1,0,,,146,0,144,2,0,贵州
2020-03-17,,0,,0,0,,,146,0,144,2,0,贵州
2020-03-18,,0,,0,0,,,146,0,144,2,0,贵州
2020-03-19,,0,,0,0,,,146,0,144,2,0,贵州
2020-03-20,,0,,0,0,,,146,0,144,2,0,贵州
2020-03-21,,0,,0,0,,,146,0,144,2,0,贵州
2020-03-22,,0,,0,0,,,146,0,144,2,0,贵州
2020-03-23,,0,,0,0,,,146,0,144,2,0,贵州
2020-03-24,,0,,0,0,,,146,0,144,2,0,贵州
2020-03-25,,0,,0,0,,,146,0,144,2,0,贵州
2020-03-26,,0,,0,0,,,146,0,144,2,0,贵州
2020-01-26,,14,0.0,0,0,,,14,6,0,0,0,甘肃
2020-01-27,,5,,0,0,,,19,2,0,0,0,甘肃
2020-01-28,,5,,0,0,,,24,5,0,0,0,甘肃
2020-01-29,,2,,0,0,,,26,8,0,0,0,甘肃
2020-01-30,,4,,0,0,,,30,15,0,0,0,甘肃
2020-01-31,,5,,0,0,,,35,15,0,0,0,甘肃
2020-02-01,,5,,0,0,,,40,20,0,0,0,甘肃
2020-02-02,,11,,3,0,,,51,9,3,0,0,甘肃
2020-02-03,,5,,0,0,,,56,9,3,0,0,甘肃
2020-02-04,,1,,3,0,,,57,18,6,0,0,甘肃
2020-02-05,,5,0.0,0,0,,,62,0,6,0,0,甘肃
2020-02-06,,5,6.0,3,0,,,67,0,9,0,0,甘肃
2020-02-07,,4,0.0,0,1,,,71,0,9,1,0,甘肃
2020-02-08,,8,,3,0,,,79,0,12,1,0,甘肃
2020-02-09,,4,,4,1,,,83,0,16,2,0,甘肃
2020-02-10,,3,,5,0,,,86,0,21,2,0,甘肃
2020-02-11,,0,,3,0,,,86,0,24,2,0,甘肃
2020-02-12,,1,,7,0,,,87,0,31,2,0,甘肃
2020-02-13,,3,,8,0,,,90,0,39,2,0,甘肃
2020-02-14,,0,,5,0,,,90,0,44,2,0,甘肃
2020-02-15,,0,,5,0,,,90,0,49,2,0,甘肃
2020-02-16,,0,,5,0,,,90,0,54,2,0,甘肃
2020-02-17,,1,,4,0,,,91,0,58,2,0,甘肃
2020-02-18,,0,,4,0,,,91,0,62,2,0,甘肃
2020-02-19,,0,,3,0,,,91,0,65,2,0,甘肃
2020-02-20,,0,,6,0,,,91,0,71,2,0,甘肃
2020-02-21,,0,,5,0,,,91,0,76,2,0,甘肃
2020-02-22,,0,,0,0,,,91,0,76,2,0,甘肃
2020-02-23,,0,,2,0,,,91,0,78,2,0,甘肃
2020-02-24,,0,,2,0,,,91,0,80,2,0,甘肃
2020-02-25,,0,,0,0,,,91,0,80,2,0,甘肃
2020-02-26,,0,,1,0,,,91,0,81,2,0,甘肃
2020-02-27,,0,,1,0,,,91,0,82,2,0,甘肃
2020-02-28,,0,,0,0,,,91,0,82,2,0,甘肃
2020-02-29,,0,,0,0,,,91,0,82,2,0,甘肃
2020-03-01,,0,,2,0,,,91,0,84,2,0,甘肃
2020-03-02,,0,,1,0,,,91,0,85,2,0,甘肃
2020-03-03,,0,,1,0,,,91,0,86,2,0,甘肃
2020-03-04,,0,,1,0,,,91,0,87,2,0,甘肃
2020-03-05,,11,,0,0,,,102,0,87,2,0,甘肃
2020-03-06,,17,,0,0,,,119,0,87,2,0,甘肃
2020-03-07,,1,,0,0,,,120,0,87,2,0,甘肃
2020-03-08,,4,,0,0,,,124,0,87,2,0,甘肃
2020-03-09,,0,,1,0,,,124,0,88,2,0,甘肃
2020-03-10,,1,,0,0,,,125,0,88,2,0,甘肃
2020-03-11,,2,,0,0,,,127,0,88,2,0,甘肃
2020-03-12,,0,,0,0,,,127,0,88,2,0,甘肃
2020-03-13,,2,0.0,1,0,0.0,,129,0,89,2,0,甘肃
2020-03-14,,3,,2,0,,,132,0,91,2,0,甘肃
2020-03-15,,1,,0,0,,,133,0,91,2,0,甘肃
2020-03-16,,0,,0,0,,,133,0,91,2,0,甘肃
2020-03-17,,0,,0,0,,,133,0,91,2,0,甘肃
2020-03-18,,0,,0,0,,,133,0,91,2,0,甘肃
2020-03-19,,1,,7,0,,,134,0,98,2,0,甘肃
2020-03-20,,0,,15,0,,,134,0,113,2,0,甘肃
2020-03-21,,0,,0,0,,,134,0,113,2,0,甘肃
2020-03-22,,2,,1,0,,,136,0,114,2,0,甘肃
2020-03-23,,0,,4,0,,,136,0,118,2,0,甘肃
2020-03-24,,0,,1,0,,,136,0,119,2,0,甘肃
2020-03-25,,0,,2,0,,,136,0,121,2,0,甘肃
2020-03-26,,0,,2,0,,,136,0,123,2,0,甘肃
2020-03-27,,0,,2,0,,,136,0,125,2,0,甘肃
2020-01-24,,6,,0,0,,,6,19,0,0,0,山西
2020-01-25,,3,,0,0,,,9,28,0,0,0,山西
2020-01-26,,4,,0,0,,,13,57,0,0,0,山西
2020-01-27,,7,,0,0,,,20,44,0,0,0,山西
2020-01-28,,7,,0,0,,,27,41,0,0,0,山西
2020-01-29,,8,,0,0,,,35,54,0,0,0,山西
2020-01-30,,4,,1,0,,,39,67,1,0,0,山西
2020-01-31,,8,,0,0,,,47,75,1,0,0,山西
2020-02-01,,9,,0,0,,,56,64,1,0,0,山西
2020-02-02,,10,,1,0,,,66,64,2,0,0,山西
2020-02-03,,8,,0,0,,,74,62,2,0,0,山西
2020-02-04,,7,,2,0,,,81,42,4,0,0,山西
2020-02-05,,9,0.0,2,0,,,90,0,6,0,0,山西
2020-02-06,,6,22.0,6,0,,,96,54,12,0,0,山西
2020-02-07,,8,0.0,3,0,,,104,0,15,0,0,山西
2020-02-08,,11,,6,0,,,115,0,21,0,0,山西
2020-02-09,,4,0.0,4,0,,,119,0,25,0,0,山西
2020-02-10,,3,,1,0,,,122,0,26,0,0,山西
2020-02-11,,2,,4,0,,,124,0,30,0,0,山西
2020-02-12,,2,,3,0,,,126,0,33,0,0,山西
2020-02-13,,0,,3,0,,,126,0,36,0,0,山西
2020-02-14,,1,,2,0,,,127,0,38,0,0,山西
2020-02-15,,1,,8,0,,,128,0,46,0,0,山西
2020-02-16,,1,5.0,4,0,,,129,32,50,0,0,山西
2020-02-17,,1,,3,0,,,130,0,53,0,0,山西
2020-02-18,,1,,8,0,,,131,0,61,0,0,山西
2020-02-19,,0,0.0,7,0,,,131,0,68,0,0,山西
2020-02-20,,1,,8,0,,,132,0,76,0,0,山西
2020-02-21,,0,,2,0,,,132,0,78,0,0,山西
2020-02-22,,0,,3,0,,,132,0,81,0,0,山西
2020-02-23,,0,,7,0,,,132,0,88,0,0,山西
2020-02-24,,1,0.0,6,0,,,133,0,94,0,0,山西
2020-02-25,,0,0.0,4,0,,,133,0,98,0,0,山西
2020-02-26,,0,,6,0,,,133,0,104,0,0,山西
2020-02-27,,0,,3,0,,,133,0,107,0,0,山西
2020-02-28,,0,,5,0,,,133,0,112,0,0,山西
2020-02-29,,0,,2,0,,,133,0,114,0,0,山西
2020-03-01,,0,0.0,2,0,,,133,0,116,0,0,山西
2020-03-02,,0,0.0,3,0,,,133,0,119,0,0,山西
2020-03-03,,0,,5,0,,,133,0,124,0,0,山西
2020-03-04,,0,,0,0,,,133,0,124,0,0,山西
2020-03-05,,0,,2,0,,,133,0,126,0,0,山西
2020-03-06,,0,,0,0,,,133,0,126,0,0,山西
2020-03-07,,0,,0,0,,,133,0,126,0,0,山西
2020-03-08,,0,,0,0,,,133,0,126,0,0,山西
2020-03-09,,0,,1,0,,,133,0,127,0,0,山西
2020-03-10,,0,0.0,4,0,0.0,,133,0,131,0,0,山西
2020-03-11,,0,,0,0,,,133,0,131,0,0,山西
2020-03-12,,0,,1,0,,,133,0,132,0,0,山西
2020-03-13,,0,0.0,1,0,0.0,,133,0,133,0,0,山西
2020-03-14,,0,0.0,0,0,0.0,,133,0,133,0,0,山西
2020-03-15,,0,,0,0,,,133,0,133,0,0,山西
2020-03-16,,0,,0,0,,,133,0,133,0,0,山西
2020-03-17,,0,,0,0,,,133,0,133,0,0,山西
2020-03-18,,0,,0,0,,,133,0,133,0,0,山西
2020-03-19,,0,,0,0,,,133,0,133,0,0,山西
2020-03-20,,0,,0,0,,,133,0,133,0,0,山西
2020-03-21,,0,,0,0,,,133,0,133,0,0,山西
2020-03-22,,0,,0,0,,,133,0,133,0,0,山西
2020-03-23,,1,,0,0,,,134,0,133,0,0,山西
2020-03-24,,0,,0,0,,,134,0,133,0,0,山西
2020-03-25,,1,,0,0,,,135,0,133,0,0,山西
2020-03-26,,0,,0,0,,,135,0,133,0,0,山西
2020-01-22,,2,,0,0,,,2,0,0,0,0,辽宁
2020-01-23,,2,,0,0,,,4,0,0,0,0,辽宁
2020-01-24,,8,,0,0,,,12,0,0,0,0,辽宁
2020-01-25,,5,,0,0,,,17,24,0,0,0,辽宁
2020-01-26,,5,,0,0,,,22,40,0,0,0,辽宁
2020-01-27,,5,,0,0,,,27,52,0,0,0,辽宁
2020-01-28,,9,,0,0,,,36,72,0,0,0,辽宁
2020-01-29,,3,,1,0,,,39,85,1,0,0,辽宁
2020-01-30,,6,,0,0,,,45,89,1,0,0,辽宁
2020-01-31,,15,,0,0,,,60,122,1,0,0,辽宁
2020-02-01,,4,,0,0,,,64,116,1,0,0,辽宁
2020-02-02,,6,,0,0,,,70,113,1,0,0,辽宁
2020-02-03,,4,,0,0,,,74,120,1,0,0,辽宁
2020-02-04,,7,,1,0,,,81,127,2,0,0,辽宁
2020-02-05,,8,0.0,2,0,,,89,0,4,0,0,辽宁
2020-02-06,,5,47.0,1,0,,,94,71,5,0,0,辽宁
2020-02-07,,9,0.0,3,0,,,103,71,8,0,0,辽宁
2020-02-08,,2,,0,0,,,105,0,8,0,0,辽宁
2020-02-09,,3,,4,0,,,108,0,12,0,0,辽宁
2020-02-10,,3,0.0,6,0,,,111,0,18,0,0,辽宁
2020-02-11,,5,0.0,1,0,,,116,0,19,0,0,辽宁
2020-02-12,,0,,1,1,,,116,0,20,1,0,辽宁
2020-02-13,,1,,2,0,,,117,0,22,1,0,辽宁
2020-02-14,,2,,7,0,,,119,0,29,1,0,辽宁
2020-02-15,,1,0.0,3,0,,,120,0,32,1,0,辽宁
2020-02-16,,1,,9,0,,,121,0,41,1,0,辽宁
2020-02-17,,0,,2,0,,,121,0,43,1,0,辽宁
2020-02-18,,0,,12,0,,,121,0,55,1,0,辽宁
2020-02-19,,0,,3,0,,,121,0,58,1,0,辽宁
2020-02-20,,0,,3,0,,,121,0,61,1,0,辽宁
2020-02-21,,0,,5,0,,,121,0,66,1,0,辽宁
2020-02-22,,0,,2,0,,,121,0,68,1,0,辽宁
2020-02-23,,0,,5,0,,,121,0,73,1,0,辽宁
2020-02-24,,0,,10,0,,,121,0,83,1,0,辽宁
2020-02-25,,0,,5,0,,,121,0,88,1,0,辽宁
2020-02-26,,0,,4,0,,,121,0,92,1,0,辽宁
2020-02-27,,0,,1,0,,,121,0,93,1,0,辽宁
2020-02-28,,0,,2,0,,,121,0,95,1,0,辽宁
2020-02-29,,1,,6,0,,,122,0,101,1,0,辽宁
2020-03-01,,0,,2,0,,,122,0,103,1,0,辽宁
2020-03-02,,3,,0,0,,,125,0,103,1,0,辽宁
2020-03-03,,0,,3,0,,,125,0,106,1,0,辽宁
2020-03-04,,0,,0,0,,,125,0,106,1,0,辽宁
2020-03-05,,0,,0,0,,,125,0,106,1,0,辽宁
2020-03-06,,0,,0,0,,,125,0,106,1,0,辽宁
2020-03-07,,0,,2,0,,,125,0,108,1,0,辽宁
2020-03-08,,0,,1,0,,,125,0,109,1,0,辽宁
2020-03-09,,0,,1,0,,,125,0,110,1,0,辽宁
2020-03-10,,0,,1,0,,,125,0,111,1,0,辽宁
2020-03-11,,0,,0,0,,,125,0,111,1,0,辽宁
2020-03-12,,0,,1,0,,,125,0,112,1,0,辽宁
2020-03-13,,0,,1,0,,,125,0,113,1,0,辽宁
2020-03-14,,0,,0,0,,,125,0,113,1,0,辽宁
2020-03-15,,0,,1,0,,,125,0,114,1,0,辽宁
2020-03-16,,0,,5,0,,,125,0,119,1,0,辽宁
2020-03-17,,0,,3,0,,,125,0,122,1,0,辽宁
2020-03-18,,0,,0,0,,,125,0,122,1,0,辽宁
2020-03-19,,1,0.0,0,1,0.0,,126,0,122,2,0,辽宁
2020-03-20,,0,,0,0,,,126,0,122,2,0,辽宁
2020-03-21,,0,,0,0,,,126,0,122,2,0,辽宁
2020-03-22,,0,,2,0,,,126,0,124,2,0,辽宁
2020-03-23,,1,,0,0,,,127,0,124,2,0,辽宁
2020-03-24,,0,,0,0,,,127,0,124,2,0,辽宁
2020-03-25,,0,,0,0,,,127,0,124,2,0,辽宁
2020-03-26,,1,,0,0,,,128,0,124,2,0,辽宁
2020-01-23,,3,,0,0,,,3,0,0,0,0,吉林
2020-01-24,,1,,0,0,,,4,0,0,0,0,吉林
2020-01-25,,0,,0,0,,,4,3,0,0,0,吉林
2020-01-26,,2,,0,0,,,6,3,0,0,0,吉林
2020-01-27,,2,,0,0,,,8,3,0,0,0,吉林
2020-01-28,,1,,0,0,,,9,2,0,0,0,吉林
2020-01-29,,5,,0,0,,,14,10,0,0,0,吉林
2020-01-30,,0,,1,0,,,14,10,1,0,0,吉林
2020-01-31,,3,,0,0,,,17,10,1,0,0,吉林
2020-02-01,,6,,0,0,,,23,14,1,0,0,吉林
2020-02-02,,8,,0,0,,,31,17,1,0,0,吉林
2020-02-03,,11,,0,0,,,42,24,1,0,0,吉林
2020-02-04,,12,,0,0,,,54,58,1,0,0,吉林
2020-02-05,,5,0.0,1,0,,,59,0,2,0,0,吉林
2020-02-06,,6,29.0,2,1,,,65,71,4,1,0,吉林
2020-02-07,,4,0.0,0,0,,,69,71,4,1,0,吉林
2020-02-08,,9,,1,0,,,78,0,5,1,0,吉林
2020-02-09,,2,,7,0,,,80,0,12,1,0,吉林
2020-02-10,,1,,1,0,,,81,0,13,1,0,吉林
2020-02-11,,2,,5,0,,,83,0,18,1,0,吉林
2020-02-12,,1,,4,0,,,84,0,22,1,0,吉林
2020-02-13,,2,,3,0,,,86,0,25,1,0,吉林
2020-02-14,,2,,0,0,,,88,0,25,1,0,吉林
2020-02-15,,1,,3,0,,,89,0,28,1,0,吉林
2020-02-16,,0,,2,0,,,89,0,30,1,0,吉林
2020-02-17,,0,,4,0,,,89,0,34,1,0,吉林
2020-02-18,,1,,2,0,,,90,0,36,1,0,吉林
2020-02-19,,1,,4,0,,,91,0,40,1,0,吉林
2020-02-20,,0,,4,0,,,91,0,44,1,0,吉林
2020-02-21,,0,,2,0,,,91,0,46,1,0,吉林
2020-02-22,,0,,6,0,,,91,0,52,1,0,吉林
2020-02-23,,2,,2,0,,,93,0,54,1,0,吉林
2020-02-24,,0,,6,0,,,93,0,60,1,0,吉林
2020-02-25,,0,,3,0,,,93,0,63,1,0,吉林
2020-02-26,,0,,2,0,,,93,0,65,1,0,吉林
2020-02-27,,0,,3,0,,,93,0,68,1,0,吉林
2020-02-28,,0,,5,0,,,93,0,73,1,0,吉林
2020-02-29,,0,,2,0,,,93,0,75,1,0,吉林
2020-03-01,,0,,3,0,,,93,0,78,1,0,吉林
2020-03-02,,0,,5,0,,,93,0,83,1,0,吉林
2020-03-03,,0,,1,0,,,93,0,84,1,0,吉林
2020-03-04,,0,,2,0,,,93,0,86,1,0,吉林
2020-03-05,,0,,2,0,,,93,0,88,1,0,吉林
2020-03-06,,0,,2,0,,,93,0,90,1,0,吉林
2020-03-07,,0,,0,0,,,93,0,90,1,0,吉林
2020-03-08,,0,,0,0,,,93,0,90,1,0,吉林
2020-03-09,,0,,1,0,,,93,0,91,1,0,吉林
2020-03-10,,0,,0,0,,,93,0,91,1,0,吉林
2020-03-11,,0,,0,0,,,93,0,91,1,0,吉林
2020-03-12,,0,,0,0,,,93,0,91,1,0,吉林
2020-03-13,,0,,0,0,,,93,0,91,1,0,吉林
2020-03-14,,0,,0,0,,,93,0,91,1,0,吉林
2020-03-15,,0,,1,0,,,93,0,92,1,0,吉林
2020-03-16,,0,,0,0,,,93,0,92,1,0,吉林
2020-03-17,,0,,0,0,,,93,0,92,1,0,吉林
2020-03-18,,0,,0,0,,,93,0,92,1,0,吉林
2020-03-19,,0,,0,0,,,93,0,92,1,0,吉林
2020-03-20,,0,,0,0,,,93,0,92,1,0,吉林
2020-03-21,,0,,0,0,,,93,0,92,1,0,吉林
2020-03-22,,0,,0,0,,,93,0,92,1,0,吉林
2020-03-23,,0,,0,0,,,93,0,92,1,0,吉林
2020-03-24,,1,,0,0,,,94,0,92,1,0,吉林
2020-03-25,,1,,0,0,,,95,0,92,1,0,吉林
2020-03-26,,0,,0,0,,,95,0,92,1,0,吉林
2020-01-24,,2,,0,0,,,2,5,0,0,0,内蒙古
2020-01-25,,5,,0,0,,,7,0,0,0,0,内蒙古
2020-01-26,,4,,0,0,,,11,1,0,0,0,内蒙古
2020-01-27,,2,,0,0,,,13,2,0,0,0,内蒙古
2020-01-28,,3,,0,0,,,16,3,0,0,0,内蒙古
2020-01-29,,2,,0,0,,,18,0,0,0,0,内蒙古
2020-01-30,,2,,1,0,,,20,1,1,0,0,内蒙古
2020-01-31,,3,,0,0,,,23,4,1,0,0,内蒙古
2020-02-01,,3,,0,0,,,26,7,1,0,0,内蒙古
2020-02-02,,7,,0,0,,,33,4,1,0,0,内蒙古
2020-02-03,,4,,0,0,,,37,2,1,0,0,内蒙古
2020-02-04,,5,,0,0,,,42,1,1,0,0,内蒙古
2020-02-05,,4,0.0,3,0,,,46,0,4,0,0,内蒙古
2020-02-06,,0,0.0,0,0,,,46,0,4,0,0,内蒙古
2020-02-07,,6,0.0,1,0,,,52,0,5,0,0,内蒙古
2020-02-08,,2,,0,0,,,54,0,5,0,0,内蒙古
2020-02-09,,4,,0,0,,,58,0,5,0,0,内蒙古
2020-02-10,,0,,0,0,,,58,0,5,0,0,内蒙古
2020-02-11,,2,,0,0,,,60,0,5,0,0,内蒙古
2020-02-12,,1,,1,0,,,61,0,6,0,0,内蒙古
2020-02-13,,4,,0,0,,,65,0,6,0,0,内蒙古
2020-02-14,,3,,0,0,,,68,0,6,0,0,内蒙古
2020-02-15,,2,,1,0,,,70,0,7,0,0,内蒙古
2020-02-16,,2,,1,0,,,72,0,8,0,0,内蒙古
2020-02-17,,1,,0,0,,,73,0,8,0,0,内蒙古
2020-02-18,,2,,1,0,,,75,0,9,0,0,内蒙古
2020-02-19,,0,,2,0,,,75,0,11,0,0,内蒙古
2020-02-20,,0,,5,0,,,75,0,16,0,0,内蒙古
2020-02-21,,0,,6,0,,,75,0,22,0,0,内蒙古
2020-02-22,,0,,4,0,,,75,0,26,0,0,内蒙古
2020-02-23,,0,,4,0,,,75,0,30,0,0,内蒙古
2020-02-24,,0,,4,0,,,75,0,34,0,0,内蒙古
2020-02-25,,0,,1,0,,,75,0,35,0,0,内蒙古
2020-02-26,,0,,3,0,,,75,0,38,0,0,内蒙古
2020-02-27,,0,,5,0,,,75,0,43,0,0,内蒙古
2020-02-28,,0,,3,0,,,75,0,46,0,0,内蒙古
2020-02-29,,0,,5,0,,,75,0,51,0,0,内蒙古
2020-03-01,,0,,0,0,,,75,0,51,0,0,内蒙古
2020-03-02,,0,,3,0,,,75,0,54,0,0,内蒙古
2020-03-03,,0,,5,1,,,75,0,59,1,0,内蒙古
2020-03-04,,0,,4,0,,,75,0,63,1,0,内蒙古
2020-03-05,,0,,2,0,,,75,0,65,1,0,内蒙古
2020-03-06,,0,,0,0,,,75,0,65,1,0,内蒙古
2020-03-07,,0,,3,0,,,75,0,68,1,0,内蒙古
2020-03-08,,0,,2,0,,,75,0,70,1,0,内蒙古
2020-03-09,,0,,0,0,,,75,0,70,1,0,内蒙古
2020-03-10,,0,,0,0,,,75,0,70,1,0,内蒙古
2020-03-11,,0,,1,0,,,75,0,71,1,0,内蒙古
2020-03-12,,0,,0,0,,,75,0,71,1,0,内蒙古
2020-03-13,,0,,0,0,,,75,0,71,1,0,内蒙古
2020-03-14,,0,,0,0,,,75,0,71,1,0,内蒙古
2020-03-15,,0,,0,0,,,75,0,71,1,0,内蒙古
2020-03-16,,0,,2,0,,,75,0,73,1,0,内蒙古
2020-03-17,,0,,0,0,,,75,0,73,1,0,内蒙古
2020-03-18,,0,,1,0,,,75,0,74,1,0,内蒙古
2020-03-19,,0,,0,0,,,75,0,74,1,0,内蒙古
2020-03-20,,0,,0,0,,,75,0,74,1,0,内蒙古
2020-03-21,,0,,0,0,,,75,0,74,1,0,内蒙古
2020-03-22,,0,,0,0,,,75,0,74,1,0,内蒙古
2020-03-23,,0,,0,0,,,75,0,74,1,0,内蒙古
2020-03-24,,2,0.0,0,0,0.0,,77,2,74,1,0,内蒙古
2020-03-25,,12,,0,0,,,89,0,74,1,0,内蒙古
2020-03-26,,3,,0,0,,,92,0,74,1,0,内蒙古
2020-01-21,,0,,0,0,,,0,0,0,0,0,新疆
2020-01-22,,0,,0,0,,,0,0,0,0,0,新疆
2020-01-23,,2,,0,0,,,2,3,0,0,0,新疆
2020-01-24,,1,,0,0,,,3,0,0,0,0,新疆
2020-01-25,,1,,0,0,,,4,1,0,0,0,新疆
2020-01-26,,1,,0,0,,,5,6,0,0,0,新疆
2020-01-27,,5,,0,0,,,10,2,0,0,0,新疆
2020-01-28,,3,,0,0,,,13,3,0,0,0,新疆
2020-01-29,,1,,0,0,,,14,22,0,0,0,新疆
2020-01-30,,3,,0,0,,,17,28,0,0,0,新疆
2020-01-31,,1,,0,0,,,18,19,0,0,0,新疆
2020-02-01,,3,,0,0,,,21,21,0,0,0,新疆
2020-02-02,,3,,0,0,,,24,26,0,0,0,新疆
2020-02-03,,5,,0,0,,,29,33,0,0,0,新疆
2020-02-04,,3,,0,0,,,32,46,0,0,0,新疆
2020-02-05,,4,0.0,0,0,,,36,0,0,0,0,新疆
2020-02-06,,3,16.0,0,0,,,39,39,0,0,0,新疆
2020-02-07,,3,,0,0,,,42,0,0,0,0,新疆
2020-02-08,,3,,0,0,,,45,0,0,0,0,新疆
2020-02-09,,4,,0,0,,,49,0,0,0,0,新疆
2020-02-10,,6,,0,0,,,55,0,0,0,0,新疆
2020-02-11,,4,,3,0,,,59,0,3,0,0,新疆
2020-02-12,,4,,0,1,,,63,0,3,1,0,新疆
2020-02-13,,2,0.0,3,0,,,65,0,6,1,0,新疆
2020-02-14,,5,,0,0,,,70,0,6,1,0,新疆
2020-02-15,,1,,5,0,,,71,0,11,1,0,新疆
2020-02-16,,4,,1,0,,,75,0,12,1,0,新疆
2020-02-17,,1,,0,0,,,76,0,12,1,0,新疆
2020-02-18,,0,,2,0,,,76,0,14,1,0,新疆
2020-02-19,,0,,6,0,,,76,0,20,1,0,新疆
2020-02-20,,0,,2,0,,,76,0,22,1,0,新疆
2020-02-21,,0,,2,1,,,76,0,24,2,0,新疆
2020-02-22,,0,,1,0,,,76,0,25,2,0,新疆
2020-02-23,,0,,3,0,,,76,0,28,2,0,新疆
2020-02-24,,0,,2,0,,,76,0,30,2,0,新疆
2020-02-25,,0,,0,0,,,76,0,30,2,0,新疆
2020-02-26,,0,,4,0,,,76,0,34,2,0,新疆
2020-02-27,,0,,9,1,,,76,0,43,3,0,新疆
2020-02-28,,0,,9,0,,,76,0,52,3,0,新疆
2020-02-29,,0,,10,0,,,76,0,62,3,0,新疆
2020-03-01,,0,,2,0,,,76,0,64,3,0,新疆
2020-03-02,,0,,3,0,,,76,0,67,3,0,新疆
2020-03-03,,0,,1,0,,,76,0,68,3,0,新疆
2020-03-04,,0,,1,0,,,76,0,69,3,0,新疆
2020-03-05,,0,,1,0,,,76,0,70,3,0,新疆
2020-03-06,,0,,1,0,,,76,0,71,3,0,新疆
2020-03-07,,0,,1,0,,,76,0,72,3,0,新疆
2020-03-08,,0,,1,0,,,76,0,73,3,0,新疆
2020-03-09,,0,,0,0,,,76,0,73,3,0,新疆
2020-03-10,,0,,0,0,,,76,0,73,3,0,新疆
2020-03-11,,0,,0,0,,,76,0,73,3,0,新疆
2020-03-12,,0,,0,0,,,76,0,73,3,0,新疆
2020-03-13,,0,,0,0,,,76,0,73,3,0,新疆
2020-03-14,,0,,0,0,,,76,0,73,3,0,新疆
2020-03-15,,0,,0,0,,,76,0,73,3,0,新疆
2020-03-16,,0,,0,0,,,76,0,73,3,0,新疆
2020-03-17,,0,,0,0,,,76,0,73,3,0,新疆
2020-03-18,,0,,0,0,,,76,0,73,3,0,新疆
2020-03-19,,0,,0,0,,,76,0,73,3,0,新疆
2020-03-20,,0,,0,0,,,76,0,73,3,0,新疆
2020-03-21,,0,,0,0,,,76,0,73,3,0,新疆
2020-03-22,,0,,0,0,,,76,0,73,3,0,新疆
2020-03-23,,0,,0,0,,,76,0,73,3,0,新疆
2020-03-24,,0,,0,0,,,76,0,73,3,0,新疆
2020-03-25,,0,,0,0,,,76,0,73,3,0,新疆
2020-03-26,,0,,0,0,,,76,0,73,3,0,新疆
2020-01-24,,3,,0,0,,,3,1,0,0,0,宁夏
2020-01-25,,1,,0,0,,,4,1,0,0,0,宁夏
2020-01-26,,3,,0,0,,,7,0,0,0,0,宁夏
2020-01-27,,4,,0,0,,,11,0,0,0,0,宁夏
2020-01-28,,1,,0,0,,,12,2,0,0,0,宁夏
2020-01-29,,5,,0,0,,,17,1,0,0,0,宁夏
2020-01-30,,4,,0,0,,,21,1,0,0,0,宁夏
2020-01-31,,5,,0,0,,,26,1,0,0,0,宁夏
2020-02-01,,2,,0,0,,,28,8,0,0,0,宁夏
2020-02-02,,3,,1,0,,,31,12,1,0,0,宁夏
2020-02-03,,3,,0,0,,,34,18,1,0,0,宁夏
2020-02-04,,0,,0,0,,,34,24,1,0,0,宁夏
2020-02-05,,6,0.0,0,0,,,40,0,1,0,0,宁夏
2020-02-06,,3,6.0,0,0,,,43,45,1,0,0,宁夏
2020-02-07,,1,,2,0,,,44,0,3,0,0,宁夏
2020-02-08,,1,,10,0,,,45,0,13,0,0,宁夏
2020-02-09,,4,,0,0,,,49,0,13,0,0,宁夏
2020-02-10,,4,,1,0,,,53,0,14,0,0,宁夏
2020-02-11,,5,0.0,8,0,,,58,0,22,0,0,宁夏
2020-02-12,,6,,2,0,,,64,0,24,0,0,宁夏
2020-02-13,,3,,0,0,,,67,0,24,0,0,宁夏
2020-02-14,,3,,3,0,,,70,0,27,0,0,宁夏
2020-02-15,,0,,6,0,,,70,0,33,0,0,宁夏
2020-02-16,,0,,0,0,,,70,0,33,0,0,宁夏
2020-02-17,,0,,2,0,,,70,0,35,0,0,宁夏
2020-02-18,,1,,7,0,,,71,0,42,0,0,宁夏
2020-02-19,,0,,0,0,,,71,0,42,0,0,宁夏
2020-02-20,,0,,2,0,,,71,0,44,0,0,宁夏
2020-02-21,,0,,4,0,,,71,0,48,0,0,宁夏
2020-02-22,,0,,0,0,,,71,0,48,0,0,宁夏
2020-02-23,,0,,9,0,,,71,0,57,0,0,宁夏
2020-02-24,,0,,1,0,,,71,0,58,0,0,宁夏
2020-02-25,,0,,3,0,,,71,0,61,0,0,宁夏
2020-02-26,,1,,4,0,,,72,0,65,0,0,宁夏
2020-02-27,,0,,3,0,,,72,0,68,0,0,宁夏
2020-02-28,,1,,0,0,,,73,0,68,0,0,宁夏
2020-02-29,,0,,1,0,,,73,0,69,0,0,宁夏
2020-03-01,,1,,0,0,,,74,0,69,0,0,宁夏
2020-03-02,,0,,0,0,,,74,0,69,0,0,宁夏
2020-03-03,,1,,0,0,,,75,0,69,0,0,宁夏
2020-03-04,,0,,0,0,,,75,0,69,0,0,宁夏
2020-03-05,,0,,0,0,,,75,0,69,0,0,宁夏
2020-03-06,,0,,2,0,,,75,0,71,0,0,宁夏
2020-03-07,,0,,0,0,,,75,0,71,0,0,宁夏
2020-03-08,,0,,0,0,,,75,0,71,0,0,宁夏
2020-03-09,,0,,0,0,,,75,0,71,0,0,宁夏
2020-03-10,,0,,0,0,,,75,0,71,0,0,宁夏
2020-03-11,,0,,2,0,,,75,0,73,0,0,宁夏
2020-03-12,,0,,0,0,,,75,0,73,0,0,宁夏
2020-03-13,,0,,0,0,,,75,0,73,0,0,宁夏
2020-03-14,,0,,0,0,,,75,0,73,0,0,宁夏
2020-03-15,,0,,0,0,,,75,0,73,0,0,宁夏
2020-03-16,,0,,2,0,,,75,0,75,0,0,宁夏
2020-03-17,,0,,0,0,,,75,0,75,0,0,宁夏
2020-03-18,,0,,0,0,,,75,0,75,0,0,宁夏
2020-03-19,,0,,0,0,,,75,0,75,0,0,宁夏
2020-03-20,,0,,0,0,,,75,0,75,0,0,宁夏
2020-03-21,,0,,0,0,,,75,0,75,0,0,宁夏
2020-03-22,,0,,0,0,,,75,0,75,0,0,宁夏
2020-03-23,,0,,0,0,,,75,0,75,0,0,宁夏
2020-03-24,,0,,0,0,,,75,0,75,0,0,宁夏
2020-03-25,,0,,0,0,,,75,0,75,0,0,宁夏
2020-03-26,,0,,0,0,,,75,0,75,0,0,宁夏
2020-01-21,,1,,1,0,,,1,0,1,0,0,澳门
2020-01-22,,0,,0,0,,,1,0,1,0,0,澳门
2020-01-23,,1,,0,0,,,2,0,1,0,0,澳门
2020-01-24,,0,,0,0,,,2,0,1,0,0,澳门
2020-01-25,,0,,0,0,,,2,0,1,0,0,澳门
2020-01-26,,3,,0,0,,,5,0,1,0,0,澳门
2020-01-27,,2,,0,0,,,7,0,1,0,0,澳门
2020-01-28,,0,,0,0,,,7,0,0,0,0,澳门
2020-01-29,,0,,0,0,,,7,0,0,0,0,澳门
2020-01-30,,0,,0,0,,,7,0,0,0,0,澳门
2020-01-31,,0,,0,0,,,7,0,0,0,0,澳门
2020-02-01,,0,,0,0,,,7,0,0,0,0,澳门
2020-02-02,,1,,0,0,,,8,0,0,0,0,澳门
2020-02-03,,0,,0,0,,,8,0,0,0,0,澳门
2020-02-04,,2,,0,0,,,10,0,0,0,0,澳门
2020-02-05,,0,0.0,0,0,,,10,0,0,0,0,澳门
2020-02-06,,0,0.0,1,0,,,10,0,1,0,0,澳门
2020-02-07,,0,0.0,0,0,,,10,0,1,0,0,澳门
2020-02-08,,0,0.0,0,0,,,10,0,1,0,0,澳门
2020-02-09,,0,0.0,0,0,,,10,0,1,0,0,澳门
2020-02-10,,0,0.0,0,0,,,10,0,1,0,0,澳门
2020-02-11,,0,0.0,0,0,,,10,0,1,0,0,澳门
2020-02-12,,0,0.0,1,0,,,10,0,2,0,0,澳门
2020-02-13,,0,0.0,1,0,,,10,0,3,0,0,澳门
2020-02-14,,0,0.0,0,0,,,10,0,3,0,0,澳门
2020-02-15,,0,0.0,0,0,,,10,0,3,0,0,澳门
2020-02-16,,0,0.0,2,0,,,10,0,5,0,0,澳门
2020-02-17,,0,0.0,0,0,,,10,0,5,0,0,澳门
2020-02-18,,0,0.0,1,0,,,10,0,6,0,0,澳门
2020-02-19,,0,0.0,0,0,,,10,0,6,0,0,澳门
2020-02-20,,0,0.0,0,0,,,10,0,6,0,0,澳门
2020-02-21,,0,0.0,0,0,,,10,0,6,0,0,澳门
2020-02-22,,0,0.0,0,0,,,10,0,6,0,0,澳门
2020-02-23,,0,0.0,0,0,,,10,0,6,0,0,澳门
2020-02-24,,0,0.0,0,0,,,10,0,6,0,0,澳门
2020-02-25,,0,0.0,1,0,,,10,0,7,0,0,澳门
2020-02-26,,0,,0,0,,,10,0,7,0,0,澳门
2020-02-27,,0,0.0,1,0,,,10,0,8,0,0,澳门
2020-02-28,,0,,0,0,,,10,0,8,0,0,澳门
2020-02-29,,0,,0,0,,,10,0,8,0,0,澳门
2020-03-01,,0,,0,0,,,10,0,8,0,0,澳门
2020-03-02,,0,,0,0,,,10,0,8,0,0,澳门
2020-03-03,,0,0.0,1,0,0.0,,10,0,9,0,0,澳门
2020-03-04,,0,,0,0,,,10,0,9,0,0,澳门
2020-03-05,,0,,0,0,,,10,0,9,0,0,澳门
2020-03-06,,0,0.0,1,0,0.0,,10,0,10,0,0,澳门
2020-03-07,,0,,0,0,,,10,0,10,0,0,澳门
2020-03-08,,0,,0,0,,,10,0,10,0,0,澳门
2020-03-09,,0,,0,0,,,10,0,10,0,0,澳门
2020-03-10,,0,,0,0,,,10,0,10,0,0,澳门
2020-03-11,,0,,0,0,,,10,0,10,0,0,澳门
2020-03-12,,0,,0,0,,,10,0,10,0,0,澳门
2020-03-13,,0,,0,0,,,10,0,10,0,0,澳门
2020-03-14,,0,,0,0,,,10,0,10,0,0,澳门
2020-03-15,,1,0.0,0,0,0.0,,11,0,10,0,0,澳门
2020-03-16,,0,,0,0,,,11,0,10,0,0,澳门
2020-03-17,,2,0.0,0,0,0.0,,13,0,10,0,0,澳门
2020-03-18,,2,0.0,0,0,0.0,,15,0,10,0,0,澳门
2020-03-19,,2,0.0,0,0,0.0,,17,0,10,0,0,澳门
2020-03-20,,0,,0,0,,,17,0,10,0,0,澳门
2020-03-21,,1,0.0,0,0,0.0,,18,0,10,0,0,澳门
2020-03-22,,3,0.0,0,0,0.0,,21,0,10,0,0,澳门
2020-03-23,,4,0.0,0,0,0.0,,25,0,10,0,0,澳门
2020-03-24,,1,0.0,0,0,0.0,,26,0,10,0,0,澳门
2020-03-25,,4,0.0,0,0,0.0,,30,0,10,0,0,澳门
2020-03-26,,3,0.0,0,0,0.0,,33,0,10,0,0,澳门
2020-03-27,,1,0.0,0,0,0.0,,34,0,10,0,0,澳门
2020-01-26,,4,,0,0,,,4,0,0,0,0,青海
2020-01-27,,2,,0,0,,,6,0,0,0,0,青海
2020-01-28,,0,,0,0,,,6,0,0,0,0,青海
2020-01-29,,0,,0,0,,,6,1,0,0,0,青海
2020-01-30,,2,,0,0,,,8,0,0,0,0,青海
2020-01-31,,0,0.0,0,0,,,8,1,0,0,0,青海
2020-02-01,,1,,0,0,,,9,2,0,0,0,青海
2020-02-02,,4,,0,0,,,13,0,0,0,0,青海
2020-02-03,,2,,0,0,,,15,0,0,0,0,青海
2020-02-04,,2,,0,0,,,17,0,0,0,0,青海
2020-02-05,,1,0.0,3,0,,,18,0,3,0,0,青海
2020-02-06,,0,0.0,0,0,,,18,0,3,0,0,青海
2020-02-07,,0,,0,0,,,18,0,3,0,0,青海
2020-02-08,,0,,0,0,,,18,0,3,0,0,青海
2020-02-09,,0,,0,0,,,18,0,3,0,0,青海
2020-02-10,,0,,0,0,,,18,0,3,0,0,青海
2020-02-11,,0,,2,0,,,18,0,5,0,0,青海
2020-02-12,,0,,4,0,,,18,0,9,0,0,青海
2020-02-13,,0,,2,0,,,18,0,11,0,0,青海
2020-02-14,,0,,0,0,,,18,0,11,0,0,青海
2020-02-15,,0,,2,0,,,18,0,13,0,0,青海
2020-02-16,,0,,0,0,,,18,0,13,0,0,青海
2020-02-17,,0,,0,0,,,18,0,13,0,0,青海
2020-02-18,,0,,2,0,,,18,0,15,0,0,青海
2020-02-19,,0,,1,0,,,18,0,16,0,0,青海
2020-02-20,,0,,0,0,,,18,0,16,0,0,青海
2020-02-21,,0,,2,0,,,18,0,18,0,0,青海
2020-02-22,,0,,0,0,,,18,0,18,0,0,青海
2020-02-23,,0,,0,0,,,18,0,18,0,0,青海
2020-02-24,,0,,0,0,,,18,0,18,0,0,青海
2020-02-25,,0,,0,0,,,18,0,18,0,0,青海
2020-02-26,,0,,0,0,,,18,0,18,0,0,青海
2020-02-27,,0,,0,0,,,18,0,18,0,0,青海
2020-02-28,,0,,0,0,,,18,0,18,0,0,青海
2020-02-29,,0,,0,0,,,18,0,18,0,0,青海
2020-03-01,,0,,0,0,,,18,0,18,0,0,青海
2020-03-02,,0,,0,0,,,18,0,18,0,0,青海
2020-03-03,,0,,0,0,,,18,0,18,0,0,青海
2020-03-04,,0,,0,0,,,18,0,18,0,0,青海
2020-03-05,,0,,0,0,,,18,0,18,0,0,青海
2020-03-06,,0,,0,0,,,18,0,18,0,0,青海
2020-03-07,,0,,0,0,,,18,0,18,0,0,青海
2020-03-08,,0,,0,0,,,18,0,18,0,0,青海
2020-03-09,,0,,0,0,,,18,0,18,0,0,青海
2020-03-10,,0,,0,0,,,18,0,18,0,0,青海
2020-03-11,,0,,0,0,,,18,0,18,0,0,青海
2020-03-12,,0,,0,0,,,18,0,18,0,0,青海
2020-03-13,,0,,0,0,,,18,0,18,0,0,青海
2020-03-14,,0,,0,0,,,18,0,18,0,0,青海
2020-03-15,,0,,0,0,,,18,0,18,0,0,青海
2020-03-16,,0,,0,0,,,18,0,18,0,0,青海
2020-03-17,,0,,0,0,,,18,0,18,0,0,青海
2020-03-18,,0,,0,0,,,18,0,18,0,0,青海
2020-03-19,,0,,0,0,,,18,0,18,0,0,青海
2020-03-20,,0,,0,0,,,18,0,18,0,0,青海
2020-03-21,,0,,0,0,,,18,0,18,0,0,青海
2020-03-22,,0,,0,0,,,18,0,18,0,0,青海
2020-03-23,,0,,0,0,,,18,0,18,0,0,青海
2020-03-24,,0,,0,0,,,18,0,18,0,0,青海
2020-03-25,,0,,0,0,,,18,0,18,0,0,青海
2020-03-26,,0,,0,0,,,18,0,18,0,0,青海
2020-01-21,,0,,0,0,,,0,0,0,0,0,西藏
2020-01-22,,0,,0,0,,,0,0,0,0,0,西藏
2020-01-23,,0,,0,0,,,0,0,0,0,0,西藏
2020-01-24,,0,,0,0,,,0,0,0,0,0,西藏
2020-01-25,,0,,0,0,,,0,0,0,0,0,西藏
2020-01-26,,0,,0,0,,,0,0,0,0,0,西藏
2020-01-27,,0,,0,0,,,0,0,0,0,0,西藏
2020-01-28,,0,,0,0,,,0,1,0,0,0,西藏
2020-01-29,,1,,0,0,,,1,0,0,0,0,西藏
2020-01-30,,0,,0,0,,,1,0,0,0,0,西藏
2020-01-31,,0,,0,0,,,1,0,0,0,0,西藏
2020-02-01,,0,,0,0,,,1,0,0,0,0,西藏
2020-02-02,,0,,0,0,,,1,0,0,0,0,西藏
2020-02-03,,0,,0,0,,,1,0,0,0,0,西藏
2020-02-04,,0,,0,0,,,1,0,0,0,0,西藏
2020-02-05,,0,0.0,0,0,,,1,0,0,0,0,西藏
2020-02-06,,0,0.0,0,0,,,1,0,0,0,0,西藏
2020-02-07,,0,0.0,0,0,,,1,0,0,0,0,西藏
2020-02-08,,0,,0,0,,,1,0,0,0,0,西藏
2020-02-09,,0,,0,0,,,1,0,0,0,0,西藏
2020-02-10,,0,,0,0,,,1,0,0,0,0,西藏
2020-02-11,,0,,0,0,,,1,0,0,0,0,西藏
2020-02-12,,0,,1,0,,,1,0,1,0,0,西藏
2020-02-13,,0,,0,0,,,1,0,1,0,0,西藏
2020-02-14,,0,,0,0,,,1,0,1,0,0,西藏
2020-02-15,,0,,0,0,,,1,0,1,0,0,西藏
2020-02-16,,0,,0,0,,,1,0,1,0,0,西藏
2020-02-17,,0,,0,0,,,1,0,1,0,0,西藏
2020-02-18,,0,,0,0,,,1,0,1,0,0,西藏
2020-02-19,,0,,0,0,,,1,0,1,0,0,西藏
2020-02-20,,0,,0,0,,,1,0,1,0,0,西藏
2020-02-21,,0,,0,0,,,1,0,1,0,0,西藏
2020-02-22,,0,,0,0,,,1,0,1,0,0,西藏
2020-02-23,,0,,0,0,,,1,0,1,0,0,西藏
2020-02-24,,0,,0,0,,,1,0,1,0,0,西藏
2020-02-25,,0,,0,0,,,1,0,1,0,0,西藏
2020-02-26,,0,,0,0,,,1,0,1,0,0,西藏
2020-02-27,,0,,0,0,,,1,0,1,0,0,西藏
2020-02-28,,0,,0,0,,,1,0,1,0,0,西藏
2020-02-29,,0,,0,0,,,1,0,1,0,0,西藏
2020-03-01,,0,,0,0,,,1,0,1,0,0,西藏
2020-03-02,,0,,0,0,,,1,0,1,0,0,西藏
2020-03-03,,0,,0,0,,,1,0,1,0,0,西藏
2020-03-04,,0,,0,0,,,1,0,1,0,0,西藏
2020-03-05,,0,,0,0,,,1,0,1,0,0,西藏
2020-03-07,,0,,0,0,,,1,0,1,0,0,西藏
2020-03-08,,0,,0,0,,,1,0,1,0,0,西藏
2020-03-09,,0,,0,0,,,1,0,1,0,0,西藏
2020-03-10,,0,,0,0,,,1,0,1,0,0,西藏
2020-03-11,,0,,0,0,,,1,0,1,0,0,西藏
2020-03-12,,0,,0,0,,,1,0,1,0,0,西藏
2020-03-13,,0,,0,0,,,1,0,1,0,0,西藏
2020-03-14,,0,,0,0,,,1,0,1,0,0,西藏
2020-03-15,,0,,0,0,,,1,0,1,0,0,西藏
2020-03-16,,0,,0,0,,,1,0,1,0,0,西藏
2020-03-17,,0,,0,0,,,1,0,1,0,0,西藏
2020-03-18,,0,,0,0,,,1,0,1,0,0,西藏
2020-03-19,,0,,0,0,,,1,0,1,0,0,西藏
2020-03-20,,0,,0,0,,,1,0,1,0,0,西藏
2020-03-21,,0,,0,0,,,1,0,1,0,0,西藏
2020-03-22,,0,,0,0,,,1,0,1,0,0,西藏
2020-03-23,,0,,0,0,,,1,0,1,0,0,西藏
2020-03-24,,0,,0,0,,,1,0,1,0,0,西藏
2020-03-25,,0,,0,0,,,1,0,1,0,0,西藏
2020-03-26,,0,,0,0,,,1,0,1,0,0,西藏
